16 15 14 13 12 11 10 9 8 7 6 1
16 15 14 13 12 11 10 9 8 7 6 2
16 15 14 13 12 11 10 9 8 7 6 3
16 15 14 13 12 11 10 9 8 7 6 4
16 15 14 13 12 11 10 9 8 7 6 5
16 15 14 13 12 11 10 9 8 7 5 1
16 15 14 13 12 11 10 9 8 7 5 2
16 15 14 13 12 11 10 9 8 7 5 3
16 15 14 13 12 11 10 9 8 7 5 4
16 15 14 13 12 11 10 9 8 7 4 1
16 15 14 13 12 11 10 9 8 7 4 2
16 15 14 13 12 11 10 9 8 7 4 3
16 15 14 13 12 11 10 9 8 7 3 1
16 15 14 13 12 11 10 9 8 7 3 2
16 15 14 13 12 11 10 9 8 7 1 2
16 15 14 13 12 11 10 9 8 6 5 1
16 15 14 13 12 11 10 9 8 6 5 2
16 15 14 13 12 11 10 9 8 6 5 3
16 15 14 13 12 11 10 9 8 6 5 4
16 15 14 13 12 11 10 9 8 6 4 1
16 15 14 13 12 11 10 9 8 6 4 2
16 15 14 13 12 11 10 9 8 6 4 3
16 15 14 13 12 11 10 9 8 6 3 1
16 15 14 13 12 11 10 9 8 6 3 2
16 15 14 13 12 11 10 9 8 6 1 2
16 15 14 13 12 11 10 9 8 5 4 1
16 15 14 13 12 11 10 9 8 5 4 2
16 15 14 13 12 11 10 9 8 5 4 3
16 15 14 13 12 11 10 9 8 5 3 1
16 15 14 13 12 11 10 9 8 5 3 2
16 15 14 13 12 11 10 9 8 5 1 2
16 15 14 13 12 11 10 9 8 4 3 1
16 15 14 13 12 11 10 9 8 4 3 2
16 15 14 13 12 11 10 9 8 4 1 2
16 15 14 13 12 11 10 9 8 1 2 3
16 15 14 13 12 11 10 9 7 6 5 1
16 15 14 13 12 11 10 9 7 6 5 2
16 15 14 13 12 11 10 9 7 6 5 3
16 15 14 13 12 11 10 9 7 6 5 4
16 15 14 13 12 11 10 9 7 6 4 1
16 15 14 13 12 11 10 9 7 6 4 2
16 15 14 13 12 11 10 9 7 6 4 3
16 15 14 13 12 11 10 9 7 6 3 1
16 15 14 13 12 11 10 9 7 6 3 2
16 15 14 13 12 11 10 9 7 6 1 2
16 15 14 13 12 11 10 9 7 5 4 1
16 15 14 13 12 11 10 9 7 5 4 2
16 15 14 13 12 11 10 9 7 5 4 3
16 15 14 13 12 11 10 9 7 5 3 1
16 15 14 13 12 11 10 9 7 5 3 2
16 15 14 13 12 11 10 9 7 5 1 2
16 15 14 13 12 11 10 9 7 4 3 1
16 15 14 13 12 11 10 9 7 4 3 2
16 15 14 13 12 11 10 9 7 4 1 2
16 15 14 13 12 11 10 9 7 1 2 3
16 15 14 13 12 11 10 9 6 5 4 1
16 15 14 13 12 11 10 9 6 5 4 2
16 15 14 13 12 11 10 9 6 5 4 3
16 15 14 13 12 11 10 9 6 5 3 1
16 15 14 13 12 11 10 9 6 5 3 2
16 15 14 13 12 11 10 9 6 5 1 2
16 15 14 13 12 11 10 9 6 4 3 1
16 15 14 13 12 11 10 9 6 4 3 2
16 15 14 13 12 11 10 9 6 4 1 2
16 15 14 13 12 11 10 9 6 1 2 3
16 15 14 13 12 11 10 9 5 4 3 1
16 15 14 13 12 11 10 9 5 4 3 2
16 15 14 13 12 11 10 9 5 4 1 2
16 15 14 13 12 11 10 9 5 1 2 3
16 15 14 13 12 11 10 9 1 2 3 4
16 15 14 13 12 11 10 8 7 6 5 1
16 15 14 13 12 11 10 8 7 6 5 2
16 15 14 13 12 11 10 8 7 6 5 3
16 15 14 13 12 11 10 8 7 6 5 4
16 15 14 13 12 11 10 8 7 6 4 1
16 15 14 13 12 11 10 8 7 6 4 2
16 15 14 13 12 11 10 8 7 6 4 3
16 15 14 13 12 11 10 8 7 6 3 1
16 15 14 13 12 11 10 8 7 6 3 2
16 15 14 13 12 11 10 8 7 6 1 2
16 15 14 13 12 11 10 8 7 5 4 1
16 15 14 13 12 11 10 8 7 5 4 2
16 15 14 13 12 11 10 8 7 5 4 3
16 15 14 13 12 11 10 8 7 5 3 1
16 15 14 13 12 11 10 8 7 5 3 2
16 15 14 13 12 11 10 8 7 5 1 2
16 15 14 13 12 11 10 8 7 4 3 1
16 15 14 13 12 11 10 8 7 4 3 2
16 15 14 13 12 11 10 8 7 4 1 2
16 15 14 13 12 11 10 8 7 1 2 3
16 15 14 13 12 11 10 8 6 5 4 1
16 15 14 13 12 11 10 8 6 5 4 2
16 15 14 13 12 11 10 8 6 5 4 3
16 15 14 13 12 11 10 8 6 5 3 1
16 15 14 13 12 11 10 8 6 5 3 2
16 15 14 13 12 11 10 8 6 5 1 2
16 15 14 13 12 11 10 8 6 4 3 1
16 15 14 13 12 11 10 8 6 4 3 2
16 15 14 13 12 11 10 8 6 4 1 2
16 15 14 13 12 11 10 8 6 1 2 3
16 15 14 13 12 11 10 8 5 4 3 1
16 15 14 13 12 11 10 8 5 4 3 2
16 15 14 13 12 11 10 8 5 4 1 2
16 15 14 13 12 11 10 8 5 1 2 3
16 15 14 13 12 11 10 8 1 2 3 4
16 15 14 13 12 11 10 7 6 5 4 1
16 15 14 13 12 11 10 7 6 5 4 2
16 15 14 13 12 11 10 7 6 5 4 3
16 15 14 13 12 11 10 7 6 5 3 1
16 15 14 13 12 11 10 7 6 5 3 2
16 15 14 13 12 11 10 7 6 5 1 2
16 15 14 13 12 11 10 7 6 4 3 1
16 15 14 13 12 11 10 7 6 4 3 2
16 15 14 13 12 11 10 7 6 4 1 2
16 15 14 13 12 11 10 7 6 1 2 3
16 15 14 13 12 11 10 7 5 4 3 1
16 15 14 13 12 11 10 7 5 4 3 2
16 15 14 13 12 11 10 7 5 4 1 2
16 15 14 13 12 11 10 7 5 1 2 3
16 15 14 13 12 11 10 7 1 2 3 4
16 15 14 13 12 11 10 6 5 4 3 1
16 15 14 13 12 11 10 6 5 4 3 2
16 15 14 13 12 11 10 6 5 4 1 2
16 15 14 13 12 11 10 6 5 1 2 3
16 15 14 13 12 11 10 6 1 2 3 4
16 15 14 13 12 11 10 1 2 3 4 5
16 15 14 13 12 11 9 8 7 6 5 1
16 15 14 13 12 11 9 8 7 6 5 2
16 15 14 13 12 11 9 8 7 6 5 3
16 15 14 13 12 11 9 8 7 6 5 4
16 15 14 13 12 11 9 8 7 6 4 1
16 15 14 13 12 11 9 8 7 6 4 2
16 15 14 13 12 11 9 8 7 6 4 3
16 15 14 13 12 11 9 8 7 6 3 1
16 15 14 13 12 11 9 8 7 6 3 2
16 15 14 13 12 11 9 8 7 6 1 2
16 15 14 13 12 11 9 8 7 5 4 1
16 15 14 13 12 11 9 8 7 5 4 2
16 15 14 13 12 11 9 8 7 5 4 3
16 15 14 13 12 11 9 8 7 5 3 1
16 15 14 13 12 11 9 8 7 5 3 2
16 15 14 13 12 11 9 8 7 5 1 2
16 15 14 13 12 11 9 8 7 4 3 1
16 15 14 13 12 11 9 8 7 4 3 2
16 15 14 13 12 11 9 8 7 4 1 2
16 15 14 13 12 11 9 8 7 1 2 3
16 15 14 13 12 11 9 8 6 5 4 1
16 15 14 13 12 11 9 8 6 5 4 2
16 15 14 13 12 11 9 8 6 5 4 3
16 15 14 13 12 11 9 8 6 5 3 1
16 15 14 13 12 11 9 8 6 5 3 2
16 15 14 13 12 11 9 8 6 5 1 2
16 15 14 13 12 11 9 8 6 4 3 1
16 15 14 13 12 11 9 8 6 4 3 2
16 15 14 13 12 11 9 8 6 4 1 2
16 15 14 13 12 11 9 8 6 1 2 3
16 15 14 13 12 11 9 8 5 4 3 1
16 15 14 13 12 11 9 8 5 4 3 2
16 15 14 13 12 11 9 8 5 4 1 2
16 15 14 13 12 11 9 8 5 1 2 3
16 15 14 13 12 11 9 8 1 2 3 4
16 15 14 13 12 11 9 7 6 5 4 1
16 15 14 13 12 11 9 7 6 5 4 2
16 15 14 13 12 11 9 7 6 5 4 3
16 15 14 13 12 11 9 7 6 5 3 1
16 15 14 13 12 11 9 7 6 5 3 2
16 15 14 13 12 11 9 7 6 5 1 2
16 15 14 13 12 11 9 7 6 4 3 1
16 15 14 13 12 11 9 7 6 4 3 2
16 15 14 13 12 11 9 7 6 4 1 2
16 15 14 13 12 11 9 7 6 1 2 3
16 15 14 13 12 11 9 7 5 4 3 1
16 15 14 13 12 11 9 7 5 4 3 2
16 15 14 13 12 11 9 7 5 4 1 2
16 15 14 13 12 11 9 7 5 1 2 3
16 15 14 13 12 11 9 7 1 2 3 4
16 15 14 13 12 11 9 6 5 4 3 1
16 15 14 13 12 11 9 6 5 4 3 2
16 15 14 13 12 11 9 6 5 4 1 2
16 15 14 13 12 11 9 6 5 1 2 3
16 15 14 13 12 11 9 6 1 2 3 4
16 15 14 13 12 11 9 1 2 3 4 5
16 15 14 13 12 11 8 7 6 5 4 1
16 15 14 13 12 11 8 7 6 5 4 2
16 15 14 13 12 11 8 7 6 5 4 3
16 15 14 13 12 11 8 7 6 5 3 1
16 15 14 13 12 11 8 7 6 5 3 2
16 15 14 13 12 11 8 7 6 5 1 2
16 15 14 13 12 11 8 7 6 4 3 1
16 15 14 13 12 11 8 7 6 4 3 2
16 15 14 13 12 11 8 7 6 4 1 2
16 15 14 13 12 11 8 7 6 1 2 3
16 15 14 13 12 11 8 7 5 4 3 1
16 15 14 13 12 11 8 7 5 4 3 2
16 15 14 13 12 11 8 7 5 4 1 2
16 15 14 13 12 11 8 7 5 1 2 3
16 15 14 13 12 11 8 7 1 2 3 4
16 15 14 13 12 11 8 6 5 4 3 1
16 15 14 13 12 11 8 6 5 4 3 2
16 15 14 13 12 11 8 6 5 4 1 2
16 15 14 13 12 11 8 6 5 1 2 3
16 15 14 13 12 11 8 6 1 2 3 4
16 15 14 13 12 11 8 1 2 3 4 5
16 15 14 13 12 11 7 6 5 4 3 1
16 15 14 13 12 11 7 6 5 4 3 2
16 15 14 13 12 11 7 6 5 4 1 2
16 15 14 13 12 11 7 6 5 1 2 3
16 15 14 13 12 11 7 6 1 2 3 4
16 15 14 13 12 11 7 1 2 3 4 5
16 15 14 13 12 11 1 2 3 4 5 6
16 15 14 13 12 10 9 8 7 6 5 1
16 15 14 13 12 10 9 8 7 6 5 2
16 15 14 13 12 10 9 8 7 6 5 3
16 15 14 13 12 10 9 8 7 6 5 4
16 15 14 13 12 10 9 8 7 6 4 1
16 15 14 13 12 10 9 8 7 6 4 2
16 15 14 13 12 10 9 8 7 6 4 3
16 15 14 13 12 10 9 8 7 6 3 1
16 15 14 13 12 10 9 8 7 6 3 2
16 15 14 13 12 10 9 8 7 6 1 2
16 15 14 13 12 10 9 8 7 5 4 1
16 15 14 13 12 10 9 8 7 5 4 2
16 15 14 13 12 10 9 8 7 5 4 3
16 15 14 13 12 10 9 8 7 5 3 1
16 15 14 13 12 10 9 8 7 5 3 2
16 15 14 13 12 10 9 8 7 5 1 2
16 15 14 13 12 10 9 8 7 4 3 1
16 15 14 13 12 10 9 8 7 4 3 2
16 15 14 13 12 10 9 8 7 4 1 2
16 15 14 13 12 10 9 8 7 1 2 3
16 15 14 13 12 10 9 8 6 5 4 1
16 15 14 13 12 10 9 8 6 5 4 2
16 15 14 13 12 10 9 8 6 5 4 3
16 15 14 13 12 10 9 8 6 5 3 1
16 15 14 13 12 10 9 8 6 5 3 2
16 15 14 13 12 10 9 8 6 5 1 2
16 15 14 13 12 10 9 8 6 4 3 1
16 15 14 13 12 10 9 8 6 4 3 2
16 15 14 13 12 10 9 8 6 4 1 2
16 15 14 13 12 10 9 8 6 1 2 3
16 15 14 13 12 10 9 8 5 4 3 1
16 15 14 13 12 10 9 8 5 4 3 2
16 15 14 13 12 10 9 8 5 4 1 2
16 15 14 13 12 10 9 8 5 1 2 3
16 15 14 13 12 10 9 8 1 2 3 4
16 15 14 13 12 10 9 7 6 5 4 1
16 15 14 13 12 10 9 7 6 5 4 2
16 15 14 13 12 10 9 7 6 5 4 3
16 15 14 13 12 10 9 7 6 5 3 1
16 15 14 13 12 10 9 7 6 5 3 2
16 15 14 13 12 10 9 7 6 5 1 2
16 15 14 13 12 10 9 7 6 4 3 1
16 15 14 13 12 10 9 7 6 4 3 2
16 15 14 13 12 10 9 7 6 4 1 2
16 15 14 13 12 10 9 7 6 1 2 3
16 15 14 13 12 10 9 7 5 4 3 1
16 15 14 13 12 10 9 7 5 4 3 2
16 15 14 13 12 10 9 7 5 4 1 2
16 15 14 13 12 10 9 7 5 1 2 3
16 15 14 13 12 10 9 7 1 2 3 4
16 15 14 13 12 10 9 6 5 4 3 1
16 15 14 13 12 10 9 6 5 4 3 2
16 15 14 13 12 10 9 6 5 4 1 2
16 15 14 13 12 10 9 6 5 1 2 3
16 15 14 13 12 10 9 6 1 2 3 4
16 15 14 13 12 10 9 1 2 3 4 5
16 15 14 13 12 10 8 7 6 5 4 1
16 15 14 13 12 10 8 7 6 5 4 2
16 15 14 13 12 10 8 7 6 5 4 3
16 15 14 13 12 10 8 7 6 5 3 1
16 15 14 13 12 10 8 7 6 5 3 2
16 15 14 13 12 10 8 7 6 5 1 2
16 15 14 13 12 10 8 7 6 4 3 1
16 15 14 13 12 10 8 7 6 4 3 2
16 15 14 13 12 10 8 7 6 4 1 2
16 15 14 13 12 10 8 7 6 1 2 3
16 15 14 13 12 10 8 7 5 4 3 1
16 15 14 13 12 10 8 7 5 4 3 2
16 15 14 13 12 10 8 7 5 4 1 2
16 15 14 13 12 10 8 7 5 1 2 3
16 15 14 13 12 10 8 7 1 2 3 4
16 15 14 13 12 10 8 6 5 4 3 1
16 15 14 13 12 10 8 6 5 4 3 2
16 15 14 13 12 10 8 6 5 4 1 2
16 15 14 13 12 10 8 6 5 1 2 3
16 15 14 13 12 10 8 6 1 2 3 4
16 15 14 13 12 10 8 1 2 3 4 5
16 15 14 13 12 10 7 6 5 4 3 1
16 15 14 13 12 10 7 6 5 4 3 2
16 15 14 13 12 10 7 6 5 4 1 2
16 15 14 13 12 10 7 6 5 1 2 3
16 15 14 13 12 10 7 6 1 2 3 4
16 15 14 13 12 10 7 1 2 3 4 5
16 15 14 13 12 10 1 2 3 4 5 6
16 15 14 13 12 9 8 7 6 5 4 1
16 15 14 13 12 9 8 7 6 5 4 2
16 15 14 13 12 9 8 7 6 5 4 3
16 15 14 13 12 9 8 7 6 5 3 1
16 15 14 13 12 9 8 7 6 5 3 2
16 15 14 13 12 9 8 7 6 5 1 2
16 15 14 13 12 9 8 7 6 4 3 1
16 15 14 13 12 9 8 7 6 4 3 2
16 15 14 13 12 9 8 7 6 4 1 2
16 15 14 13 12 9 8 7 6 1 2 3
16 15 14 13 12 9 8 7 5 4 3 1
16 15 14 13 12 9 8 7 5 4 3 2
16 15 14 13 12 9 8 7 5 4 1 2
16 15 14 13 12 9 8 7 5 1 2 3
16 15 14 13 12 9 8 7 1 2 3 4
16 15 14 13 12 9 8 6 5 4 3 1
16 15 14 13 12 9 8 6 5 4 3 2
16 15 14 13 12 9 8 6 5 4 1 2
16 15 14 13 12 9 8 6 5 1 2 3
16 15 14 13 12 9 8 6 1 2 3 4
16 15 14 13 12 9 8 1 2 3 4 5
16 15 14 13 12 9 7 6 5 4 3 1
16 15 14 13 12 9 7 6 5 4 3 2
16 15 14 13 12 9 7 6 5 4 1 2
16 15 14 13 12 9 7 6 5 1 2 3
16 15 14 13 12 9 7 6 1 2 3 4
16 15 14 13 12 9 7 1 2 3 4 5
16 15 14 13 12 9 1 2 3 4 5 6
16 15 14 13 12 8 7 6 5 4 3 1
16 15 14 13 12 8 7 6 5 4 3 2
16 15 14 13 12 8 7 6 5 4 1 2
16 15 14 13 12 8 7 6 5 1 2 3
16 15 14 13 12 8 7 6 1 2 3 4
16 15 14 13 12 8 7 1 2 3 4 5
16 15 14 13 12 8 1 2 3 4 5 6
16 15 14 13 12 1 2 3 4 5 6 7
16 15 14 13 11 10 9 8 7 6 5 1
16 15 14 13 11 10 9 8 7 6 5 2
16 15 14 13 11 10 9 8 7 6 5 3
16 15 14 13 11 10 9 8 7 6 5 4
16 15 14 13 11 10 9 8 7 6 4 1
16 15 14 13 11 10 9 8 7 6 4 2
16 15 14 13 11 10 9 8 7 6 4 3
16 15 14 13 11 10 9 8 7 6 3 1
16 15 14 13 11 10 9 8 7 6 3 2
16 15 14 13 11 10 9 8 7 6 1 2
16 15 14 13 11 10 9 8 7 5 4 1
16 15 14 13 11 10 9 8 7 5 4 2
16 15 14 13 11 10 9 8 7 5 4 3
16 15 14 13 11 10 9 8 7 5 3 1
16 15 14 13 11 10 9 8 7 5 3 2
16 15 14 13 11 10 9 8 7 5 1 2
16 15 14 13 11 10 9 8 7 4 3 1
16 15 14 13 11 10 9 8 7 4 3 2
16 15 14 13 11 10 9 8 7 4 1 2
16 15 14 13 11 10 9 8 7 1 2 3
16 15 14 13 11 10 9 8 6 5 4 1
16 15 14 13 11 10 9 8 6 5 4 2
16 15 14 13 11 10 9 8 6 5 4 3
16 15 14 13 11 10 9 8 6 5 3 1
16 15 14 13 11 10 9 8 6 5 3 2
16 15 14 13 11 10 9 8 6 5 1 2
16 15 14 13 11 10 9 8 6 4 3 1
16 15 14 13 11 10 9 8 6 4 3 2
16 15 14 13 11 10 9 8 6 4 1 2
16 15 14 13 11 10 9 8 6 1 2 3
16 15 14 13 11 10 9 8 5 4 3 1
16 15 14 13 11 10 9 8 5 4 3 2
16 15 14 13 11 10 9 8 5 4 1 2
16 15 14 13 11 10 9 8 5 1 2 3
16 15 14 13 11 10 9 8 1 2 3 4
16 15 14 13 11 10 9 7 6 5 4 1
16 15 14 13 11 10 9 7 6 5 4 2
16 15 14 13 11 10 9 7 6 5 4 3
16 15 14 13 11 10 9 7 6 5 3 1
16 15 14 13 11 10 9 7 6 5 3 2
16 15 14 13 11 10 9 7 6 5 1 2
16 15 14 13 11 10 9 7 6 4 3 1
16 15 14 13 11 10 9 7 6 4 3 2
16 15 14 13 11 10 9 7 6 4 1 2
16 15 14 13 11 10 9 7 6 1 2 3
16 15 14 13 11 10 9 7 5 4 3 1
16 15 14 13 11 10 9 7 5 4 3 2
16 15 14 13 11 10 9 7 5 4 1 2
16 15 14 13 11 10 9 7 5 1 2 3
16 15 14 13 11 10 9 7 1 2 3 4
16 15 14 13 11 10 9 6 5 4 3 1
16 15 14 13 11 10 9 6 5 4 3 2
16 15 14 13 11 10 9 6 5 4 1 2
16 15 14 13 11 10 9 6 5 1 2 3
16 15 14 13 11 10 9 6 1 2 3 4
16 15 14 13 11 10 9 1 2 3 4 5
16 15 14 13 11 10 8 7 6 5 4 1
16 15 14 13 11 10 8 7 6 5 4 2
16 15 14 13 11 10 8 7 6 5 4 3
16 15 14 13 11 10 8 7 6 5 3 1
16 15 14 13 11 10 8 7 6 5 3 2
16 15 14 13 11 10 8 7 6 5 1 2
16 15 14 13 11 10 8 7 6 4 3 1
16 15 14 13 11 10 8 7 6 4 3 2
16 15 14 13 11 10 8 7 6 4 1 2
16 15 14 13 11 10 8 7 6 1 2 3
16 15 14 13 11 10 8 7 5 4 3 1
16 15 14 13 11 10 8 7 5 4 3 2
16 15 14 13 11 10 8 7 5 4 1 2
16 15 14 13 11 10 8 7 5 1 2 3
16 15 14 13 11 10 8 7 1 2 3 4
16 15 14 13 11 10 8 6 5 4 3 1
16 15 14 13 11 10 8 6 5 4 3 2
16 15 14 13 11 10 8 6 5 4 1 2
16 15 14 13 11 10 8 6 5 1 2 3
16 15 14 13 11 10 8 6 1 2 3 4
16 15 14 13 11 10 8 1 2 3 4 5
16 15 14 13 11 10 7 6 5 4 3 1
16 15 14 13 11 10 7 6 5 4 3 2
16 15 14 13 11 10 7 6 5 4 1 2
16 15 14 13 11 10 7 6 5 1 2 3
16 15 14 13 11 10 7 6 1 2 3 4
16 15 14 13 11 10 7 1 2 3 4 5
16 15 14 13 11 10 1 2 3 4 5 6
16 15 14 13 11 9 8 7 6 5 4 1
16 15 14 13 11 9 8 7 6 5 4 2
16 15 14 13 11 9 8 7 6 5 4 3
16 15 14 13 11 9 8 7 6 5 3 1
16 15 14 13 11 9 8 7 6 5 3 2
16 15 14 13 11 9 8 7 6 5 1 2
16 15 14 13 11 9 8 7 6 4 3 1
16 15 14 13 11 9 8 7 6 4 3 2
16 15 14 13 11 9 8 7 6 4 1 2
16 15 14 13 11 9 8 7 6 1 2 3
16 15 14 13 11 9 8 7 5 4 3 1
16 15 14 13 11 9 8 7 5 4 3 2
16 15 14 13 11 9 8 7 5 4 1 2
16 15 14 13 11 9 8 7 5 1 2 3
16 15 14 13 11 9 8 7 1 2 3 4
16 15 14 13 11 9 8 6 5 4 3 1
16 15 14 13 11 9 8 6 5 4 3 2
16 15 14 13 11 9 8 6 5 4 1 2
16 15 14 13 11 9 8 6 5 1 2 3
16 15 14 13 11 9 8 6 1 2 3 4
16 15 14 13 11 9 8 1 2 3 4 5
16 15 14 13 11 9 7 6 5 4 3 1
16 15 14 13 11 9 7 6 5 4 3 2
16 15 14 13 11 9 7 6 5 4 1 2
16 15 14 13 11 9 7 6 5 1 2 3
16 15 14 13 11 9 7 6 1 2 3 4
16 15 14 13 11 9 7 1 2 3 4 5
16 15 14 13 11 9 1 2 3 4 5 6
16 15 14 13 11 8 7 6 5 4 3 1
16 15 14 13 11 8 7 6 5 4 3 2
16 15 14 13 11 8 7 6 5 4 1 2
16 15 14 13 11 8 7 6 5 1 2 3
16 15 14 13 11 8 7 6 1 2 3 4
16 15 14 13 11 8 7 1 2 3 4 5
16 15 14 13 11 8 1 2 3 4 5 6
16 15 14 13 11 1 2 3 4 5 6 7
16 15 14 13 10 9 8 7 6 5 4 1
16 15 14 13 10 9 8 7 6 5 4 2
16 15 14 13 10 9 8 7 6 5 4 3
16 15 14 13 10 9 8 7 6 5 3 1
16 15 14 13 10 9 8 7 6 5 3 2
16 15 14 13 10 9 8 7 6 5 1 2
16 15 14 13 10 9 8 7 6 4 3 1
16 15 14 13 10 9 8 7 6 4 3 2
16 15 14 13 10 9 8 7 6 4 1 2
16 15 14 13 10 9 8 7 6 1 2 3
16 15 14 13 10 9 8 7 5 4 3 1
16 15 14 13 10 9 8 7 5 4 3 2
16 15 14 13 10 9 8 7 5 4 1 2
16 15 14 13 10 9 8 7 5 1 2 3
16 15 14 13 10 9 8 7 1 2 3 4
16 15 14 13 10 9 8 6 5 4 3 1
16 15 14 13 10 9 8 6 5 4 3 2
16 15 14 13 10 9 8 6 5 4 1 2
16 15 14 13 10 9 8 6 5 1 2 3
16 15 14 13 10 9 8 6 1 2 3 4
16 15 14 13 10 9 8 1 2 3 4 5
16 15 14 13 10 9 7 6 5 4 3 1
16 15 14 13 10 9 7 6 5 4 3 2
16 15 14 13 10 9 7 6 5 4 1 2
16 15 14 13 10 9 7 6 5 1 2 3
16 15 14 13 10 9 7 6 1 2 3 4
16 15 14 13 10 9 7 1 2 3 4 5
16 15 14 13 10 9 1 2 3 4 5 6
16 15 14 13 10 8 7 6 5 4 3 1
16 15 14 13 10 8 7 6 5 4 3 2
16 15 14 13 10 8 7 6 5 4 1 2
16 15 14 13 10 8 7 6 5 1 2 3
16 15 14 13 10 8 7 6 1 2 3 4
16 15 14 13 10 8 7 1 2 3 4 5
16 15 14 13 10 8 1 2 3 4 5 6
16 15 14 13 10 1 2 3 4 5 6 7
16 15 14 13 9 8 7 6 5 4 3 1
16 15 14 13 9 8 7 6 5 4 3 2
16 15 14 13 9 8 7 6 5 4 1 2
16 15 14 13 9 8 7 6 5 1 2 3
16 15 14 13 9 8 7 6 1 2 3 4
16 15 14 13 9 8 7 1 2 3 4 5
16 15 14 13 9 8 1 2 3 4 5 6
16 15 14 13 9 1 2 3 4 5 6 7
16 15 14 13 1 2 3 4 5 6 7 8
16 15 14 12 11 10 9 8 7 6 5 1
16 15 14 12 11 10 9 8 7 6 5 2
16 15 14 12 11 10 9 8 7 6 5 3
16 15 14 12 11 10 9 8 7 6 5 4
16 15 14 12 11 10 9 8 7 6 4 1
16 15 14 12 11 10 9 8 7 6 4 2
16 15 14 12 11 10 9 8 7 6 4 3
16 15 14 12 11 10 9 8 7 6 3 1
16 15 14 12 11 10 9 8 7 6 3 2
16 15 14 12 11 10 9 8 7 6 1 2
16 15 14 12 11 10 9 8 7 5 4 1
16 15 14 12 11 10 9 8 7 5 4 2
16 15 14 12 11 10 9 8 7 5 4 3
16 15 14 12 11 10 9 8 7 5 3 1
16 15 14 12 11 10 9 8 7 5 3 2
16 15 14 12 11 10 9 8 7 5 1 2
16 15 14 12 11 10 9 8 7 4 3 1
16 15 14 12 11 10 9 8 7 4 3 2
16 15 14 12 11 10 9 8 7 4 1 2
16 15 14 12 11 10 9 8 7 1 2 3
16 15 14 12 11 10 9 8 6 5 4 1
16 15 14 12 11 10 9 8 6 5 4 2
16 15 14 12 11 10 9 8 6 5 4 3
16 15 14 12 11 10 9 8 6 5 3 1
16 15 14 12 11 10 9 8 6 5 3 2
16 15 14 12 11 10 9 8 6 5 1 2
16 15 14 12 11 10 9 8 6 4 3 1
16 15 14 12 11 10 9 8 6 4 3 2
16 15 14 12 11 10 9 8 6 4 1 2
16 15 14 12 11 10 9 8 6 1 2 3
16 15 14 12 11 10 9 8 5 4 3 1
16 15 14 12 11 10 9 8 5 4 3 2
16 15 14 12 11 10 9 8 5 4 1 2
16 15 14 12 11 10 9 8 5 1 2 3
16 15 14 12 11 10 9 8 1 2 3 4
16 15 14 12 11 10 9 7 6 5 4 1
16 15 14 12 11 10 9 7 6 5 4 2
16 15 14 12 11 10 9 7 6 5 4 3
16 15 14 12 11 10 9 7 6 5 3 1
16 15 14 12 11 10 9 7 6 5 3 2
16 15 14 12 11 10 9 7 6 5 1 2
16 15 14 12 11 10 9 7 6 4 3 1
16 15 14 12 11 10 9 7 6 4 3 2
16 15 14 12 11 10 9 7 6 4 1 2
16 15 14 12 11 10 9 7 6 1 2 3
16 15 14 12 11 10 9 7 5 4 3 1
16 15 14 12 11 10 9 7 5 4 3 2
16 15 14 12 11 10 9 7 5 4 1 2
16 15 14 12 11 10 9 7 5 1 2 3
16 15 14 12 11 10 9 7 1 2 3 4
16 15 14 12 11 10 9 6 5 4 3 1
16 15 14 12 11 10 9 6 5 4 3 2
16 15 14 12 11 10 9 6 5 4 1 2
16 15 14 12 11 10 9 6 5 1 2 3
16 15 14 12 11 10 9 6 1 2 3 4
16 15 14 12 11 10 9 1 2 3 4 5
16 15 14 12 11 10 8 7 6 5 4 1
16 15 14 12 11 10 8 7 6 5 4 2
16 15 14 12 11 10 8 7 6 5 4 3
16 15 14 12 11 10 8 7 6 5 3 1
16 15 14 12 11 10 8 7 6 5 3 2
16 15 14 12 11 10 8 7 6 5 1 2
16 15 14 12 11 10 8 7 6 4 3 1
16 15 14 12 11 10 8 7 6 4 3 2
16 15 14 12 11 10 8 7 6 4 1 2
16 15 14 12 11 10 8 7 6 1 2 3
16 15 14 12 11 10 8 7 5 4 3 1
16 15 14 12 11 10 8 7 5 4 3 2
16 15 14 12 11 10 8 7 5 4 1 2
16 15 14 12 11 10 8 7 5 1 2 3
16 15 14 12 11 10 8 7 1 2 3 4
16 15 14 12 11 10 8 6 5 4 3 1
16 15 14 12 11 10 8 6 5 4 3 2
16 15 14 12 11 10 8 6 5 4 1 2
16 15 14 12 11 10 8 6 5 1 2 3
16 15 14 12 11 10 8 6 1 2 3 4
16 15 14 12 11 10 8 1 2 3 4 5
16 15 14 12 11 10 7 6 5 4 3 1
16 15 14 12 11 10 7 6 5 4 3 2
16 15 14 12 11 10 7 6 5 4 1 2
16 15 14 12 11 10 7 6 5 1 2 3
16 15 14 12 11 10 7 6 1 2 3 4
16 15 14 12 11 10 7 1 2 3 4 5
16 15 14 12 11 10 1 2 3 4 5 6
16 15 14 12 11 9 8 7 6 5 4 1
16 15 14 12 11 9 8 7 6 5 4 2
16 15 14 12 11 9 8 7 6 5 4 3
16 15 14 12 11 9 8 7 6 5 3 1
16 15 14 12 11 9 8 7 6 5 3 2
16 15 14 12 11 9 8 7 6 5 1 2
16 15 14 12 11 9 8 7 6 4 3 1
16 15 14 12 11 9 8 7 6 4 3 2
16 15 14 12 11 9 8 7 6 4 1 2
16 15 14 12 11 9 8 7 6 1 2 3
16 15 14 12 11 9 8 7 5 4 3 1
16 15 14 12 11 9 8 7 5 4 3 2
16 15 14 12 11 9 8 7 5 4 1 2
16 15 14 12 11 9 8 7 5 1 2 3
16 15 14 12 11 9 8 7 1 2 3 4
16 15 14 12 11 9 8 6 5 4 3 1
16 15 14 12 11 9 8 6 5 4 3 2
16 15 14 12 11 9 8 6 5 4 1 2
16 15 14 12 11 9 8 6 5 1 2 3
16 15 14 12 11 9 8 6 1 2 3 4
16 15 14 12 11 9 8 1 2 3 4 5
16 15 14 12 11 9 7 6 5 4 3 1
16 15 14 12 11 9 7 6 5 4 3 2
16 15 14 12 11 9 7 6 5 4 1 2
16 15 14 12 11 9 7 6 5 1 2 3
16 15 14 12 11 9 7 6 1 2 3 4
16 15 14 12 11 9 7 1 2 3 4 5
16 15 14 12 11 9 1 2 3 4 5 6
16 15 14 12 11 8 7 6 5 4 3 1
16 15 14 12 11 8 7 6 5 4 3 2
16 15 14 12 11 8 7 6 5 4 1 2
16 15 14 12 11 8 7 6 5 1 2 3
16 15 14 12 11 8 7 6 1 2 3 4
16 15 14 12 11 8 7 1 2 3 4 5
16 15 14 12 11 8 1 2 3 4 5 6
16 15 14 12 11 1 2 3 4 5 6 7
16 15 14 12 10 9 8 7 6 5 4 1
16 15 14 12 10 9 8 7 6 5 4 2
16 15 14 12 10 9 8 7 6 5 4 3
16 15 14 12 10 9 8 7 6 5 3 1
16 15 14 12 10 9 8 7 6 5 3 2
16 15 14 12 10 9 8 7 6 5 1 2
16 15 14 12 10 9 8 7 6 4 3 1
16 15 14 12 10 9 8 7 6 4 3 2
16 15 14 12 10 9 8 7 6 4 1 2
16 15 14 12 10 9 8 7 6 1 2 3
16 15 14 12 10 9 8 7 5 4 3 1
16 15 14 12 10 9 8 7 5 4 3 2
16 15 14 12 10 9 8 7 5 4 1 2
16 15 14 12 10 9 8 7 5 1 2 3
16 15 14 12 10 9 8 7 1 2 3 4
16 15 14 12 10 9 8 6 5 4 3 1
16 15 14 12 10 9 8 6 5 4 3 2
16 15 14 12 10 9 8 6 5 4 1 2
16 15 14 12 10 9 8 6 5 1 2 3
16 15 14 12 10 9 8 6 1 2 3 4
16 15 14 12 10 9 8 1 2 3 4 5
16 15 14 12 10 9 7 6 5 4 3 1
16 15 14 12 10 9 7 6 5 4 3 2
16 15 14 12 10 9 7 6 5 4 1 2
16 15 14 12 10 9 7 6 5 1 2 3
16 15 14 12 10 9 7 6 1 2 3 4
16 15 14 12 10 9 7 1 2 3 4 5
16 15 14 12 10 9 1 2 3 4 5 6
16 15 14 12 10 8 7 6 5 4 3 1
16 15 14 12 10 8 7 6 5 4 3 2
16 15 14 12 10 8 7 6 5 4 1 2
16 15 14 12 10 8 7 6 5 1 2 3
16 15 14 12 10 8 7 6 1 2 3 4
16 15 14 12 10 8 7 1 2 3 4 5
16 15 14 12 10 8 1 2 3 4 5 6
16 15 14 12 10 1 2 3 4 5 6 7
16 15 14 12 9 8 7 6 5 4 3 1
16 15 14 12 9 8 7 6 5 4 3 2
16 15 14 12 9 8 7 6 5 4 1 2
16 15 14 12 9 8 7 6 5 1 2 3
16 15 14 12 9 8 7 6 1 2 3 4
16 15 14 12 9 8 7 1 2 3 4 5
16 15 14 12 9 8 1 2 3 4 5 6
16 15 14 12 9 1 2 3 4 5 6 7
16 15 14 12 1 2 3 4 5 6 7 8
16 15 14 11 10 9 8 7 6 5 4 1
16 15 14 11 10 9 8 7 6 5 4 2
16 15 14 11 10 9 8 7 6 5 4 3
16 15 14 11 10 9 8 7 6 5 3 1
16 15 14 11 10 9 8 7 6 5 3 2
16 15 14 11 10 9 8 7 6 5 1 2
16 15 14 11 10 9 8 7 6 4 3 1
16 15 14 11 10 9 8 7 6 4 3 2
16 15 14 11 10 9 8 7 6 4 1 2
16 15 14 11 10 9 8 7 6 1 2 3
16 15 14 11 10 9 8 7 5 4 3 1
16 15 14 11 10 9 8 7 5 4 3 2
16 15 14 11 10 9 8 7 5 4 1 2
16 15 14 11 10 9 8 7 5 1 2 3
16 15 14 11 10 9 8 7 1 2 3 4
16 15 14 11 10 9 8 6 5 4 3 1
16 15 14 11 10 9 8 6 5 4 3 2
16 15 14 11 10 9 8 6 5 4 1 2
16 15 14 11 10 9 8 6 5 1 2 3
16 15 14 11 10 9 8 6 1 2 3 4
16 15 14 11 10 9 8 1 2 3 4 5
16 15 14 11 10 9 7 6 5 4 3 1
16 15 14 11 10 9 7 6 5 4 3 2
16 15 14 11 10 9 7 6 5 4 1 2
16 15 14 11 10 9 7 6 5 1 2 3
16 15 14 11 10 9 7 6 1 2 3 4
16 15 14 11 10 9 7 1 2 3 4 5
16 15 14 11 10 9 1 2 3 4 5 6
16 15 14 11 10 8 7 6 5 4 3 1
16 15 14 11 10 8 7 6 5 4 3 2
16 15 14 11 10 8 7 6 5 4 1 2
16 15 14 11 10 8 7 6 5 1 2 3
16 15 14 11 10 8 7 6 1 2 3 4
16 15 14 11 10 8 7 1 2 3 4 5
16 15 14 11 10 8 1 2 3 4 5 6
16 15 14 11 10 1 2 3 4 5 6 7
16 15 14 11 9 8 7 6 5 4 3 1
16 15 14 11 9 8 7 6 5 4 3 2
16 15 14 11 9 8 7 6 5 4 1 2
16 15 14 11 9 8 7 6 5 1 2 3
16 15 14 11 9 8 7 6 1 2 3 4
16 15 14 11 9 8 7 1 2 3 4 5
16 15 14 11 9 8 1 2 3 4 5 6
16 15 14 11 9 1 2 3 4 5 6 7
16 15 14 11 1 2 3 4 5 6 7 8
16 15 14 10 9 8 7 6 5 4 3 1
16 15 14 10 9 8 7 6 5 4 3 2
16 15 14 10 9 8 7 6 5 4 1 2
16 15 14 10 9 8 7 6 5 1 2 3
16 15 14 10 9 8 7 6 1 2 3 4
16 15 14 10 9 8 7 1 2 3 4 5
16 15 14 10 9 8 1 2 3 4 5 6
16 15 14 10 9 1 2 3 4 5 6 7
16 15 14 10 1 2 3 4 5 6 7 8
16 15 14 1 2 3 4 5 6 7 8 9
16 15 13 12 11 10 9 8 7 6 5 1
16 15 13 12 11 10 9 8 7 6 5 2
16 15 13 12 11 10 9 8 7 6 5 3
16 15 13 12 11 10 9 8 7 6 5 4
16 15 13 12 11 10 9 8 7 6 4 1
16 15 13 12 11 10 9 8 7 6 4 2
16 15 13 12 11 10 9 8 7 6 4 3
16 15 13 12 11 10 9 8 7 6 3 1
16 15 13 12 11 10 9 8 7 6 3 2
16 15 13 12 11 10 9 8 7 6 1 2
16 15 13 12 11 10 9 8 7 5 4 1
16 15 13 12 11 10 9 8 7 5 4 2
16 15 13 12 11 10 9 8 7 5 4 3
16 15 13 12 11 10 9 8 7 5 3 1
16 15 13 12 11 10 9 8 7 5 3 2
16 15 13 12 11 10 9 8 7 5 1 2
16 15 13 12 11 10 9 8 7 4 3 1
16 15 13 12 11 10 9 8 7 4 3 2
16 15 13 12 11 10 9 8 7 4 1 2
16 15 13 12 11 10 9 8 7 1 2 3
16 15 13 12 11 10 9 8 6 5 4 1
16 15 13 12 11 10 9 8 6 5 4 2
16 15 13 12 11 10 9 8 6 5 4 3
16 15 13 12 11 10 9 8 6 5 3 1
16 15 13 12 11 10 9 8 6 5 3 2
16 15 13 12 11 10 9 8 6 5 1 2
16 15 13 12 11 10 9 8 6 4 3 1
16 15 13 12 11 10 9 8 6 4 3 2
16 15 13 12 11 10 9 8 6 4 1 2
16 15 13 12 11 10 9 8 6 1 2 3
16 15 13 12 11 10 9 8 5 4 3 1
16 15 13 12 11 10 9 8 5 4 3 2
16 15 13 12 11 10 9 8 5 4 1 2
16 15 13 12 11 10 9 8 5 1 2 3
16 15 13 12 11 10 9 8 1 2 3 4
16 15 13 12 11 10 9 7 6 5 4 1
16 15 13 12 11 10 9 7 6 5 4 2
16 15 13 12 11 10 9 7 6 5 4 3
16 15 13 12 11 10 9 7 6 5 3 1
16 15 13 12 11 10 9 7 6 5 3 2
16 15 13 12 11 10 9 7 6 5 1 2
16 15 13 12 11 10 9 7 6 4 3 1
16 15 13 12 11 10 9 7 6 4 3 2
16 15 13 12 11 10 9 7 6 4 1 2
16 15 13 12 11 10 9 7 6 1 2 3
16 15 13 12 11 10 9 7 5 4 3 1
16 15 13 12 11 10 9 7 5 4 3 2
16 15 13 12 11 10 9 7 5 4 1 2
16 15 13 12 11 10 9 7 5 1 2 3
16 15 13 12 11 10 9 7 1 2 3 4
16 15 13 12 11 10 9 6 5 4 3 1
16 15 13 12 11 10 9 6 5 4 3 2
16 15 13 12 11 10 9 6 5 4 1 2
16 15 13 12 11 10 9 6 5 1 2 3
16 15 13 12 11 10 9 6 1 2 3 4
16 15 13 12 11 10 9 1 2 3 4 5
16 15 13 12 11 10 8 7 6 5 4 1
16 15 13 12 11 10 8 7 6 5 4 2
16 15 13 12 11 10 8 7 6 5 4 3
16 15 13 12 11 10 8 7 6 5 3 1
16 15 13 12 11 10 8 7 6 5 3 2
16 15 13 12 11 10 8 7 6 5 1 2
16 15 13 12 11 10 8 7 6 4 3 1
16 15 13 12 11 10 8 7 6 4 3 2
16 15 13 12 11 10 8 7 6 4 1 2
16 15 13 12 11 10 8 7 6 1 2 3
16 15 13 12 11 10 8 7 5 4 3 1
16 15 13 12 11 10 8 7 5 4 3 2
16 15 13 12 11 10 8 7 5 4 1 2
16 15 13 12 11 10 8 7 5 1 2 3
16 15 13 12 11 10 8 7 1 2 3 4
16 15 13 12 11 10 8 6 5 4 3 1
16 15 13 12 11 10 8 6 5 4 3 2
16 15 13 12 11 10 8 6 5 4 1 2
16 15 13 12 11 10 8 6 5 1 2 3
16 15 13 12 11 10 8 6 1 2 3 4
16 15 13 12 11 10 8 1 2 3 4 5
16 15 13 12 11 10 7 6 5 4 3 1
16 15 13 12 11 10 7 6 5 4 3 2
16 15 13 12 11 10 7 6 5 4 1 2
16 15 13 12 11 10 7 6 5 1 2 3
16 15 13 12 11 10 7 6 1 2 3 4
16 15 13 12 11 10 7 1 2 3 4 5
16 15 13 12 11 10 1 2 3 4 5 6
16 15 13 12 11 9 8 7 6 5 4 1
16 15 13 12 11 9 8 7 6 5 4 2
16 15 13 12 11 9 8 7 6 5 4 3
16 15 13 12 11 9 8 7 6 5 3 1
16 15 13 12 11 9 8 7 6 5 3 2
16 15 13 12 11 9 8 7 6 5 1 2
16 15 13 12 11 9 8 7 6 4 3 1
16 15 13 12 11 9 8 7 6 4 3 2
16 15 13 12 11 9 8 7 6 4 1 2
16 15 13 12 11 9 8 7 6 1 2 3
16 15 13 12 11 9 8 7 5 4 3 1
16 15 13 12 11 9 8 7 5 4 3 2
16 15 13 12 11 9 8 7 5 4 1 2
16 15 13 12 11 9 8 7 5 1 2 3
16 15 13 12 11 9 8 7 1 2 3 4
16 15 13 12 11 9 8 6 5 4 3 1
16 15 13 12 11 9 8 6 5 4 3 2
16 15 13 12 11 9 8 6 5 4 1 2
16 15 13 12 11 9 8 6 5 1 2 3
16 15 13 12 11 9 8 6 1 2 3 4
16 15 13 12 11 9 8 1 2 3 4 5
16 15 13 12 11 9 7 6 5 4 3 1
16 15 13 12 11 9 7 6 5 4 3 2
16 15 13 12 11 9 7 6 5 4 1 2
16 15 13 12 11 9 7 6 5 1 2 3
16 15 13 12 11 9 7 6 1 2 3 4
16 15 13 12 11 9 7 1 2 3 4 5
16 15 13 12 11 9 1 2 3 4 5 6
16 15 13 12 11 8 7 6 5 4 3 1
16 15 13 12 11 8 7 6 5 4 3 2
16 15 13 12 11 8 7 6 5 4 1 2
16 15 13 12 11 8 7 6 5 1 2 3
16 15 13 12 11 8 7 6 1 2 3 4
16 15 13 12 11 8 7 1 2 3 4 5
16 15 13 12 11 8 1 2 3 4 5 6
16 15 13 12 11 1 2 3 4 5 6 7
16 15 13 12 10 9 8 7 6 5 4 1
16 15 13 12 10 9 8 7 6 5 4 2
16 15 13 12 10 9 8 7 6 5 4 3
16 15 13 12 10 9 8 7 6 5 3 1
16 15 13 12 10 9 8 7 6 5 3 2
16 15 13 12 10 9 8 7 6 5 1 2
16 15 13 12 10 9 8 7 6 4 3 1
16 15 13 12 10 9 8 7 6 4 3 2
16 15 13 12 10 9 8 7 6 4 1 2
16 15 13 12 10 9 8 7 6 1 2 3
16 15 13 12 10 9 8 7 5 4 3 1
16 15 13 12 10 9 8 7 5 4 3 2
16 15 13 12 10 9 8 7 5 4 1 2
16 15 13 12 10 9 8 7 5 1 2 3
16 15 13 12 10 9 8 7 1 2 3 4
16 15 13 12 10 9 8 6 5 4 3 1
16 15 13 12 10 9 8 6 5 4 3 2
16 15 13 12 10 9 8 6 5 4 1 2
16 15 13 12 10 9 8 6 5 1 2 3
16 15 13 12 10 9 8 6 1 2 3 4
16 15 13 12 10 9 8 1 2 3 4 5
16 15 13 12 10 9 7 6 5 4 3 1
16 15 13 12 10 9 7 6 5 4 3 2
16 15 13 12 10 9 7 6 5 4 1 2
16 15 13 12 10 9 7 6 5 1 2 3
16 15 13 12 10 9 7 6 1 2 3 4
16 15 13 12 10 9 7 1 2 3 4 5
16 15 13 12 10 9 1 2 3 4 5 6
16 15 13 12 10 8 7 6 5 4 3 1
16 15 13 12 10 8 7 6 5 4 3 2
16 15 13 12 10 8 7 6 5 4 1 2
16 15 13 12 10 8 7 6 5 1 2 3
16 15 13 12 10 8 7 6 1 2 3 4
16 15 13 12 10 8 7 1 2 3 4 5
16 15 13 12 10 8 1 2 3 4 5 6
16 15 13 12 10 1 2 3 4 5 6 7
16 15 13 12 9 8 7 6 5 4 3 1
16 15 13 12 9 8 7 6 5 4 3 2
16 15 13 12 9 8 7 6 5 4 1 2
16 15 13 12 9 8 7 6 5 1 2 3
16 15 13 12 9 8 7 6 1 2 3 4
16 15 13 12 9 8 7 1 2 3 4 5
16 15 13 12 9 8 1 2 3 4 5 6
16 15 13 12 9 1 2 3 4 5 6 7
16 15 13 12 1 2 3 4 5 6 7 8
16 15 13 11 10 9 8 7 6 5 4 1
16 15 13 11 10 9 8 7 6 5 4 2
16 15 13 11 10 9 8 7 6 5 4 3
16 15 13 11 10 9 8 7 6 5 3 1
16 15 13 11 10 9 8 7 6 5 3 2
16 15 13 11 10 9 8 7 6 5 1 2
16 15 13 11 10 9 8 7 6 4 3 1
16 15 13 11 10 9 8 7 6 4 3 2
16 15 13 11 10 9 8 7 6 4 1 2
16 15 13 11 10 9 8 7 6 1 2 3
16 15 13 11 10 9 8 7 5 4 3 1
16 15 13 11 10 9 8 7 5 4 3 2
16 15 13 11 10 9 8 7 5 4 1 2
16 15 13 11 10 9 8 7 5 1 2 3
16 15 13 11 10 9 8 7 1 2 3 4
16 15 13 11 10 9 8 6 5 4 3 1
16 15 13 11 10 9 8 6 5 4 3 2
16 15 13 11 10 9 8 6 5 4 1 2
16 15 13 11 10 9 8 6 5 1 2 3
16 15 13 11 10 9 8 6 1 2 3 4
16 15 13 11 10 9 8 1 2 3 4 5
16 15 13 11 10 9 7 6 5 4 3 1
16 15 13 11 10 9 7 6 5 4 3 2
16 15 13 11 10 9 7 6 5 4 1 2
16 15 13 11 10 9 7 6 5 1 2 3
16 15 13 11 10 9 7 6 1 2 3 4
16 15 13 11 10 9 7 1 2 3 4 5
16 15 13 11 10 9 1 2 3 4 5 6
16 15 13 11 10 8 7 6 5 4 3 1
16 15 13 11 10 8 7 6 5 4 3 2
16 15 13 11 10 8 7 6 5 4 1 2
16 15 13 11 10 8 7 6 5 1 2 3
16 15 13 11 10 8 7 6 1 2 3 4
16 15 13 11 10 8 7 1 2 3 4 5
16 15 13 11 10 8 1 2 3 4 5 6
16 15 13 11 10 1 2 3 4 5 6 7
16 15 13 11 9 8 7 6 5 4 3 1
16 15 13 11 9 8 7 6 5 4 3 2
16 15 13 11 9 8 7 6 5 4 1 2
16 15 13 11 9 8 7 6 5 1 2 3
16 15 13 11 9 8 7 6 1 2 3 4
16 15 13 11 9 8 7 1 2 3 4 5
16 15 13 11 9 8 1 2 3 4 5 6
16 15 13 11 9 1 2 3 4 5 6 7
16 15 13 11 1 2 3 4 5 6 7 8
16 15 13 10 9 8 7 6 5 4 3 1
16 15 13 10 9 8 7 6 5 4 3 2
16 15 13 10 9 8 7 6 5 4 1 2
16 15 13 10 9 8 7 6 5 1 2 3
16 15 13 10 9 8 7 6 1 2 3 4
16 15 13 10 9 8 7 1 2 3 4 5
16 15 13 10 9 8 1 2 3 4 5 6
16 15 13 10 9 1 2 3 4 5 6 7
16 15 13 10 1 2 3 4 5 6 7 8
16 15 13 1 2 3 4 5 6 7 8 9
16 15 12 11 10 9 8 7 6 5 4 1
16 15 12 11 10 9 8 7 6 5 4 2
16 15 12 11 10 9 8 7 6 5 4 3
16 15 12 11 10 9 8 7 6 5 3 1
16 15 12 11 10 9 8 7 6 5 3 2
16 15 12 11 10 9 8 7 6 5 1 2
16 15 12 11 10 9 8 7 6 4 3 1
16 15 12 11 10 9 8 7 6 4 3 2
16 15 12 11 10 9 8 7 6 4 1 2
16 15 12 11 10 9 8 7 6 1 2 3
16 15 12 11 10 9 8 7 5 4 3 1
16 15 12 11 10 9 8 7 5 4 3 2
16 15 12 11 10 9 8 7 5 4 1 2
16 15 12 11 10 9 8 7 5 1 2 3
16 15 12 11 10 9 8 7 1 2 3 4
16 15 12 11 10 9 8 6 5 4 3 1
16 15 12 11 10 9 8 6 5 4 3 2
16 15 12 11 10 9 8 6 5 4 1 2
16 15 12 11 10 9 8 6 5 1 2 3
16 15 12 11 10 9 8 6 1 2 3 4
16 15 12 11 10 9 8 1 2 3 4 5
16 15 12 11 10 9 7 6 5 4 3 1
16 15 12 11 10 9 7 6 5 4 3 2
16 15 12 11 10 9 7 6 5 4 1 2
16 15 12 11 10 9 7 6 5 1 2 3
16 15 12 11 10 9 7 6 1 2 3 4
16 15 12 11 10 9 7 1 2 3 4 5
16 15 12 11 10 9 1 2 3 4 5 6
16 15 12 11 10 8 7 6 5 4 3 1
16 15 12 11 10 8 7 6 5 4 3 2
16 15 12 11 10 8 7 6 5 4 1 2
16 15 12 11 10 8 7 6 5 1 2 3
16 15 12 11 10 8 7 6 1 2 3 4
16 15 12 11 10 8 7 1 2 3 4 5
16 15 12 11 10 8 1 2 3 4 5 6
16 15 12 11 10 1 2 3 4 5 6 7
16 15 12 11 9 8 7 6 5 4 3 1
16 15 12 11 9 8 7 6 5 4 3 2
16 15 12 11 9 8 7 6 5 4 1 2
16 15 12 11 9 8 7 6 5 1 2 3
16 15 12 11 9 8 7 6 1 2 3 4
16 15 12 11 9 8 7 1 2 3 4 5
16 15 12 11 9 8 1 2 3 4 5 6
16 15 12 11 9 1 2 3 4 5 6 7
16 15 12 11 1 2 3 4 5 6 7 8
16 15 12 10 9 8 7 6 5 4 3 1
16 15 12 10 9 8 7 6 5 4 3 2
16 15 12 10 9 8 7 6 5 4 1 2
16 15 12 10 9 8 7 6 5 1 2 3
16 15 12 10 9 8 7 6 1 2 3 4
16 15 12 10 9 8 7 1 2 3 4 5
16 15 12 10 9 8 1 2 3 4 5 6
16 15 12 10 9 1 2 3 4 5 6 7
16 15 12 10 1 2 3 4 5 6 7 8
16 15 12 1 2 3 4 5 6 7 8 9
16 15 11 10 9 8 7 6 5 4 3 1
16 15 11 10 9 8 7 6 5 4 3 2
16 15 11 10 9 8 7 6 5 4 1 2
16 15 11 10 9 8 7 6 5 1 2 3
16 15 11 10 9 8 7 6 1 2 3 4
16 15 11 10 9 8 7 1 2 3 4 5
16 15 11 10 9 8 1 2 3 4 5 6
16 15 11 10 9 1 2 3 4 5 6 7
16 15 11 10 1 2 3 4 5 6 7 8
16 15 11 1 2 3 4 5 6 7 8 9
16 15 1 2 3 4 5 6 7 8 9 10
16 14 13 12 11 10 9 8 7 6 5 1
16 14 13 12 11 10 9 8 7 6 5 2
16 14 13 12 11 10 9 8 7 6 5 3
16 14 13 12 11 10 9 8 7 6 5 4
16 14 13 12 11 10 9 8 7 6 4 1
16 14 13 12 11 10 9 8 7 6 4 2
16 14 13 12 11 10 9 8 7 6 4 3
16 14 13 12 11 10 9 8 7 6 3 1
16 14 13 12 11 10 9 8 7 6 3 2
16 14 13 12 11 10 9 8 7 6 1 2
16 14 13 12 11 10 9 8 7 5 4 1
16 14 13 12 11 10 9 8 7 5 4 2
16 14 13 12 11 10 9 8 7 5 4 3
16 14 13 12 11 10 9 8 7 5 3 1
16 14 13 12 11 10 9 8 7 5 3 2
16 14 13 12 11 10 9 8 7 5 1 2
16 14 13 12 11 10 9 8 7 4 3 1
16 14 13 12 11 10 9 8 7 4 3 2
16 14 13 12 11 10 9 8 7 4 1 2
16 14 13 12 11 10 9 8 7 1 2 3
16 14 13 12 11 10 9 8 6 5 4 1
16 14 13 12 11 10 9 8 6 5 4 2
16 14 13 12 11 10 9 8 6 5 4 3
16 14 13 12 11 10 9 8 6 5 3 1
16 14 13 12 11 10 9 8 6 5 3 2
16 14 13 12 11 10 9 8 6 5 1 2
16 14 13 12 11 10 9 8 6 4 3 1
16 14 13 12 11 10 9 8 6 4 3 2
16 14 13 12 11 10 9 8 6 4 1 2
16 14 13 12 11 10 9 8 6 1 2 3
16 14 13 12 11 10 9 8 5 4 3 1
16 14 13 12 11 10 9 8 5 4 3 2
16 14 13 12 11 10 9 8 5 4 1 2
16 14 13 12 11 10 9 8 5 1 2 3
16 14 13 12 11 10 9 8 1 2 3 4
16 14 13 12 11 10 9 7 6 5 4 1
16 14 13 12 11 10 9 7 6 5 4 2
16 14 13 12 11 10 9 7 6 5 4 3
16 14 13 12 11 10 9 7 6 5 3 1
16 14 13 12 11 10 9 7 6 5 3 2
16 14 13 12 11 10 9 7 6 5 1 2
16 14 13 12 11 10 9 7 6 4 3 1
16 14 13 12 11 10 9 7 6 4 3 2
16 14 13 12 11 10 9 7 6 4 1 2
16 14 13 12 11 10 9 7 6 1 2 3
16 14 13 12 11 10 9 7 5 4 3 1
16 14 13 12 11 10 9 7 5 4 3 2
16 14 13 12 11 10 9 7 5 4 1 2
16 14 13 12 11 10 9 7 5 1 2 3
16 14 13 12 11 10 9 7 1 2 3 4
16 14 13 12 11 10 9 6 5 4 3 1
16 14 13 12 11 10 9 6 5 4 3 2
16 14 13 12 11 10 9 6 5 4 1 2
16 14 13 12 11 10 9 6 5 1 2 3
16 14 13 12 11 10 9 6 1 2 3 4
16 14 13 12 11 10 9 1 2 3 4 5
16 14 13 12 11 10 8 7 6 5 4 1
16 14 13 12 11 10 8 7 6 5 4 2
16 14 13 12 11 10 8 7 6 5 4 3
16 14 13 12 11 10 8 7 6 5 3 1
16 14 13 12 11 10 8 7 6 5 3 2
16 14 13 12 11 10 8 7 6 5 1 2
16 14 13 12 11 10 8 7 6 4 3 1
16 14 13 12 11 10 8 7 6 4 3 2
16 14 13 12 11 10 8 7 6 4 1 2
16 14 13 12 11 10 8 7 6 1 2 3
16 14 13 12 11 10 8 7 5 4 3 1
16 14 13 12 11 10 8 7 5 4 3 2
16 14 13 12 11 10 8 7 5 4 1 2
16 14 13 12 11 10 8 7 5 1 2 3
16 14 13 12 11 10 8 7 1 2 3 4
16 14 13 12 11 10 8 6 5 4 3 1
16 14 13 12 11 10 8 6 5 4 3 2
16 14 13 12 11 10 8 6 5 4 1 2
16 14 13 12 11 10 8 6 5 1 2 3
16 14 13 12 11 10 8 6 1 2 3 4
16 14 13 12 11 10 8 1 2 3 4 5
16 14 13 12 11 10 7 6 5 4 3 1
16 14 13 12 11 10 7 6 5 4 3 2
16 14 13 12 11 10 7 6 5 4 1 2
16 14 13 12 11 10 7 6 5 1 2 3
16 14 13 12 11 10 7 6 1 2 3 4
16 14 13 12 11 10 7 1 2 3 4 5
16 14 13 12 11 10 1 2 3 4 5 6
16 14 13 12 11 9 8 7 6 5 4 1
16 14 13 12 11 9 8 7 6 5 4 2
16 14 13 12 11 9 8 7 6 5 4 3
16 14 13 12 11 9 8 7 6 5 3 1
16 14 13 12 11 9 8 7 6 5 3 2
16 14 13 12 11 9 8 7 6 5 1 2
16 14 13 12 11 9 8 7 6 4 3 1
16 14 13 12 11 9 8 7 6 4 3 2
16 14 13 12 11 9 8 7 6 4 1 2
16 14 13 12 11 9 8 7 6 1 2 3
16 14 13 12 11 9 8 7 5 4 3 1
16 14 13 12 11 9 8 7 5 4 3 2
16 14 13 12 11 9 8 7 5 4 1 2
16 14 13 12 11 9 8 7 5 1 2 3
16 14 13 12 11 9 8 7 1 2 3 4
16 14 13 12 11 9 8 6 5 4 3 1
16 14 13 12 11 9 8 6 5 4 3 2
16 14 13 12 11 9 8 6 5 4 1 2
16 14 13 12 11 9 8 6 5 1 2 3
16 14 13 12 11 9 8 6 1 2 3 4
16 14 13 12 11 9 8 1 2 3 4 5
16 14 13 12 11 9 7 6 5 4 3 1
16 14 13 12 11 9 7 6 5 4 3 2
16 14 13 12 11 9 7 6 5 4 1 2
16 14 13 12 11 9 7 6 5 1 2 3
16 14 13 12 11 9 7 6 1 2 3 4
16 14 13 12 11 9 7 1 2 3 4 5
16 14 13 12 11 9 1 2 3 4 5 6
16 14 13 12 11 8 7 6 5 4 3 1
16 14 13 12 11 8 7 6 5 4 3 2
16 14 13 12 11 8 7 6 5 4 1 2
16 14 13 12 11 8 7 6 5 1 2 3
16 14 13 12 11 8 7 6 1 2 3 4
16 14 13 12 11 8 7 1 2 3 4 5
16 14 13 12 11 8 1 2 3 4 5 6
16 14 13 12 11 1 2 3 4 5 6 7
16 14 13 12 10 9 8 7 6 5 4 1
16 14 13 12 10 9 8 7 6 5 4 2
16 14 13 12 10 9 8 7 6 5 4 3
16 14 13 12 10 9 8 7 6 5 3 1
16 14 13 12 10 9 8 7 6 5 3 2
16 14 13 12 10 9 8 7 6 5 1 2
16 14 13 12 10 9 8 7 6 4 3 1
16 14 13 12 10 9 8 7 6 4 3 2
16 14 13 12 10 9 8 7 6 4 1 2
16 14 13 12 10 9 8 7 6 1 2 3
16 14 13 12 10 9 8 7 5 4 3 1
16 14 13 12 10 9 8 7 5 4 3 2
16 14 13 12 10 9 8 7 5 4 1 2
16 14 13 12 10 9 8 7 5 1 2 3
16 14 13 12 10 9 8 7 1 2 3 4
16 14 13 12 10 9 8 6 5 4 3 1
16 14 13 12 10 9 8 6 5 4 3 2
16 14 13 12 10 9 8 6 5 4 1 2
16 14 13 12 10 9 8 6 5 1 2 3
16 14 13 12 10 9 8 6 1 2 3 4
16 14 13 12 10 9 8 1 2 3 4 5
16 14 13 12 10 9 7 6 5 4 3 1
16 14 13 12 10 9 7 6 5 4 3 2
16 14 13 12 10 9 7 6 5 4 1 2
16 14 13 12 10 9 7 6 5 1 2 3
16 14 13 12 10 9 7 6 1 2 3 4
16 14 13 12 10 9 7 1 2 3 4 5
16 14 13 12 10 9 1 2 3 4 5 6
16 14 13 12 10 8 7 6 5 4 3 1
16 14 13 12 10 8 7 6 5 4 3 2
16 14 13 12 10 8 7 6 5 4 1 2
16 14 13 12 10 8 7 6 5 1 2 3
16 14 13 12 10 8 7 6 1 2 3 4
16 14 13 12 10 8 7 1 2 3 4 5
16 14 13 12 10 8 1 2 3 4 5 6
16 14 13 12 10 1 2 3 4 5 6 7
16 14 13 12 9 8 7 6 5 4 3 1
16 14 13 12 9 8 7 6 5 4 3 2
16 14 13 12 9 8 7 6 5 4 1 2
16 14 13 12 9 8 7 6 5 1 2 3
16 14 13 12 9 8 7 6 1 2 3 4
16 14 13 12 9 8 7 1 2 3 4 5
16 14 13 12 9 8 1 2 3 4 5 6
16 14 13 12 9 1 2 3 4 5 6 7
16 14 13 12 1 2 3 4 5 6 7 8
16 14 13 11 10 9 8 7 6 5 4 1
16 14 13 11 10 9 8 7 6 5 4 2
16 14 13 11 10 9 8 7 6 5 4 3
16 14 13 11 10 9 8 7 6 5 3 1
16 14 13 11 10 9 8 7 6 5 3 2
16 14 13 11 10 9 8 7 6 5 1 2
16 14 13 11 10 9 8 7 6 4 3 1
16 14 13 11 10 9 8 7 6 4 3 2
16 14 13 11 10 9 8 7 6 4 1 2
16 14 13 11 10 9 8 7 6 1 2 3
16 14 13 11 10 9 8 7 5 4 3 1
16 14 13 11 10 9 8 7 5 4 3 2
16 14 13 11 10 9 8 7 5 4 1 2
16 14 13 11 10 9 8 7 5 1 2 3
16 14 13 11 10 9 8 7 1 2 3 4
16 14 13 11 10 9 8 6 5 4 3 1
16 14 13 11 10 9 8 6 5 4 3 2
16 14 13 11 10 9 8 6 5 4 1 2
16 14 13 11 10 9 8 6 5 1 2 3
16 14 13 11 10 9 8 6 1 2 3 4
16 14 13 11 10 9 8 1 2 3 4 5
16 14 13 11 10 9 7 6 5 4 3 1
16 14 13 11 10 9 7 6 5 4 3 2
16 14 13 11 10 9 7 6 5 4 1 2
16 14 13 11 10 9 7 6 5 1 2 3
16 14 13 11 10 9 7 6 1 2 3 4
16 14 13 11 10 9 7 1 2 3 4 5
16 14 13 11 10 9 1 2 3 4 5 6
16 14 13 11 10 8 7 6 5 4 3 1
16 14 13 11 10 8 7 6 5 4 3 2
16 14 13 11 10 8 7 6 5 4 1 2
16 14 13 11 10 8 7 6 5 1 2 3
16 14 13 11 10 8 7 6 1 2 3 4
16 14 13 11 10 8 7 1 2 3 4 5
16 14 13 11 10 8 1 2 3 4 5 6
16 14 13 11 10 1 2 3 4 5 6 7
16 14 13 11 9 8 7 6 5 4 3 1
16 14 13 11 9 8 7 6 5 4 3 2
16 14 13 11 9 8 7 6 5 4 1 2
16 14 13 11 9 8 7 6 5 1 2 3
16 14 13 11 9 8 7 6 1 2 3 4
16 14 13 11 9 8 7 1 2 3 4 5
16 14 13 11 9 8 1 2 3 4 5 6
16 14 13 11 9 1 2 3 4 5 6 7
16 14 13 11 1 2 3 4 5 6 7 8
16 14 13 10 9 8 7 6 5 4 3 1
16 14 13 10 9 8 7 6 5 4 3 2
16 14 13 10 9 8 7 6 5 4 1 2
16 14 13 10 9 8 7 6 5 1 2 3
16 14 13 10 9 8 7 6 1 2 3 4
16 14 13 10 9 8 7 1 2 3 4 5
16 14 13 10 9 8 1 2 3 4 5 6
16 14 13 10 9 1 2 3 4 5 6 7
16 14 13 10 1 2 3 4 5 6 7 8
16 14 13 1 2 3 4 5 6 7 8 9
16 14 12 11 10 9 8 7 6 5 4 1
16 14 12 11 10 9 8 7 6 5 4 2
16 14 12 11 10 9 8 7 6 5 4 3
16 14 12 11 10 9 8 7 6 5 3 1
16 14 12 11 10 9 8 7 6 5 3 2
16 14 12 11 10 9 8 7 6 5 1 2
16 14 12 11 10 9 8 7 6 4 3 1
16 14 12 11 10 9 8 7 6 4 3 2
16 14 12 11 10 9 8 7 6 4 1 2
16 14 12 11 10 9 8 7 6 1 2 3
16 14 12 11 10 9 8 7 5 4 3 1
16 14 12 11 10 9 8 7 5 4 3 2
16 14 12 11 10 9 8 7 5 4 1 2
16 14 12 11 10 9 8 7 5 1 2 3
16 14 12 11 10 9 8 7 1 2 3 4
16 14 12 11 10 9 8 6 5 4 3 1
16 14 12 11 10 9 8 6 5 4 3 2
16 14 12 11 10 9 8 6 5 4 1 2
16 14 12 11 10 9 8 6 5 1 2 3
16 14 12 11 10 9 8 6 1 2 3 4
16 14 12 11 10 9 8 1 2 3 4 5
16 14 12 11 10 9 7 6 5 4 3 1
16 14 12 11 10 9 7 6 5 4 3 2
16 14 12 11 10 9 7 6 5 4 1 2
16 14 12 11 10 9 7 6 5 1 2 3
16 14 12 11 10 9 7 6 1 2 3 4
16 14 12 11 10 9 7 1 2 3 4 5
16 14 12 11 10 9 1 2 3 4 5 6
16 14 12 11 10 8 7 6 5 4 3 1
16 14 12 11 10 8 7 6 5 4 3 2
16 14 12 11 10 8 7 6 5 4 1 2
16 14 12 11 10 8 7 6 5 1 2 3
16 14 12 11 10 8 7 6 1 2 3 4
16 14 12 11 10 8 7 1 2 3 4 5
16 14 12 11 10 8 1 2 3 4 5 6
16 14 12 11 10 1 2 3 4 5 6 7
16 14 12 11 9 8 7 6 5 4 3 1
16 14 12 11 9 8 7 6 5 4 3 2
16 14 12 11 9 8 7 6 5 4 1 2
16 14 12 11 9 8 7 6 5 1 2 3
16 14 12 11 9 8 7 6 1 2 3 4
16 14 12 11 9 8 7 1 2 3 4 5
16 14 12 11 9 8 1 2 3 4 5 6
16 14 12 11 9 1 2 3 4 5 6 7
16 14 12 11 1 2 3 4 5 6 7 8
16 14 12 10 9 8 7 6 5 4 3 1
16 14 12 10 9 8 7 6 5 4 3 2
16 14 12 10 9 8 7 6 5 4 1 2
16 14 12 10 9 8 7 6 5 1 2 3
16 14 12 10 9 8 7 6 1 2 3 4
16 14 12 10 9 8 7 1 2 3 4 5
16 14 12 10 9 8 1 2 3 4 5 6
16 14 12 10 9 1 2 3 4 5 6 7
16 14 12 10 1 2 3 4 5 6 7 8
16 14 12 1 2 3 4 5 6 7 8 9
16 14 11 10 9 8 7 6 5 4 3 1
16 14 11 10 9 8 7 6 5 4 3 2
16 14 11 10 9 8 7 6 5 4 1 2
16 14 11 10 9 8 7 6 5 1 2 3
16 14 11 10 9 8 7 6 1 2 3 4
16 14 11 10 9 8 7 1 2 3 4 5
16 14 11 10 9 8 1 2 3 4 5 6
16 14 11 10 9 1 2 3 4 5 6 7
16 14 11 10 1 2 3 4 5 6 7 8
16 14 11 1 2 3 4 5 6 7 8 9
16 14 1 2 3 4 5 6 7 8 9 10
16 13 12 11 10 9 8 7 6 5 4 1
16 13 12 11 10 9 8 7 6 5 4 2
16 13 12 11 10 9 8 7 6 5 4 3
16 13 12 11 10 9 8 7 6 5 3 1
16 13 12 11 10 9 8 7 6 5 3 2
16 13 12 11 10 9 8 7 6 5 1 2
16 13 12 11 10 9 8 7 6 4 3 1
16 13 12 11 10 9 8 7 6 4 3 2
16 13 12 11 10 9 8 7 6 4 1 2
16 13 12 11 10 9 8 7 6 1 2 3
16 13 12 11 10 9 8 7 5 4 3 1
16 13 12 11 10 9 8 7 5 4 3 2
16 13 12 11 10 9 8 7 5 4 1 2
16 13 12 11 10 9 8 7 5 1 2 3
16 13 12 11 10 9 8 7 1 2 3 4
16 13 12 11 10 9 8 6 5 4 3 1
16 13 12 11 10 9 8 6 5 4 3 2
16 13 12 11 10 9 8 6 5 4 1 2
16 13 12 11 10 9 8 6 5 1 2 3
16 13 12 11 10 9 8 6 1 2 3 4
16 13 12 11 10 9 8 1 2 3 4 5
16 13 12 11 10 9 7 6 5 4 3 1
16 13 12 11 10 9 7 6 5 4 3 2
16 13 12 11 10 9 7 6 5 4 1 2
16 13 12 11 10 9 7 6 5 1 2 3
16 13 12 11 10 9 7 6 1 2 3 4
16 13 12 11 10 9 7 1 2 3 4 5
16 13 12 11 10 9 1 2 3 4 5 6
16 13 12 11 10 8 7 6 5 4 3 1
16 13 12 11 10 8 7 6 5 4 3 2
16 13 12 11 10 8 7 6 5 4 1 2
16 13 12 11 10 8 7 6 5 1 2 3
16 13 12 11 10 8 7 6 1 2 3 4
16 13 12 11 10 8 7 1 2 3 4 5
16 13 12 11 10 8 1 2 3 4 5 6
16 13 12 11 10 1 2 3 4 5 6 7
16 13 12 11 9 8 7 6 5 4 3 1
16 13 12 11 9 8 7 6 5 4 3 2
16 13 12 11 9 8 7 6 5 4 1 2
16 13 12 11 9 8 7 6 5 1 2 3
16 13 12 11 9 8 7 6 1 2 3 4
16 13 12 11 9 8 7 1 2 3 4 5
16 13 12 11 9 8 1 2 3 4 5 6
16 13 12 11 9 1 2 3 4 5 6 7
16 13 12 11 1 2 3 4 5 6 7 8
16 13 12 10 9 8 7 6 5 4 3 1
16 13 12 10 9 8 7 6 5 4 3 2
16 13 12 10 9 8 7 6 5 4 1 2
16 13 12 10 9 8 7 6 5 1 2 3
16 13 12 10 9 8 7 6 1 2 3 4
16 13 12 10 9 8 7 1 2 3 4 5
16 13 12 10 9 8 1 2 3 4 5 6
16 13 12 10 9 1 2 3 4 5 6 7
16 13 12 10 1 2 3 4 5 6 7 8
16 13 12 1 2 3 4 5 6 7 8 9
16 13 11 10 9 8 7 6 5 4 3 1
16 13 11 10 9 8 7 6 5 4 3 2
16 13 11 10 9 8 7 6 5 4 1 2
16 13 11 10 9 8 7 6 5 1 2 3
16 13 11 10 9 8 7 6 1 2 3 4
16 13 11 10 9 8 7 1 2 3 4 5
16 13 11 10 9 8 1 2 3 4 5 6
16 13 11 10 9 1 2 3 4 5 6 7
16 13 11 10 1 2 3 4 5 6 7 8
16 13 11 1 2 3 4 5 6 7 8 9
16 13 1 2 3 4 5 6 7 8 9 10
16 12 11 10 9 8 7 6 5 4 3 1
16 12 11 10 9 8 7 6 5 4 3 2
16 12 11 10 9 8 7 6 5 4 1 2
16 12 11 10 9 8 7 6 5 1 2 3
16 12 11 10 9 8 7 6 1 2 3 4
16 12 11 10 9 8 7 1 2 3 4 5
16 12 11 10 9 8 1 2 3 4 5 6
16 12 11 10 9 1 2 3 4 5 6 7
16 12 11 10 1 2 3 4 5 6 7 8
16 12 11 1 2 3 4 5 6 7 8 9
16 12 1 2 3 4 5 6 7 8 9 10
16 1 2 3 4 5 6 7 8 9 10 11
15 14 13 12 11 10 9 8 7 6 5 1
15 14 13 12 11 10 9 8 7 6 5 2
15 14 13 12 11 10 9 8 7 6 5 3
15 14 13 12 11 10 9 8 7 6 5 4
15 14 13 12 11 10 9 8 7 6 4 1
15 14 13 12 11 10 9 8 7 6 4 2
15 14 13 12 11 10 9 8 7 6 4 3
15 14 13 12 11 10 9 8 7 6 3 1
15 14 13 12 11 10 9 8 7 6 3 2
15 14 13 12 11 10 9 8 7 6 1 2
15 14 13 12 11 10 9 8 7 5 4 1
15 14 13 12 11 10 9 8 7 5 4 2
15 14 13 12 11 10 9 8 7 5 4 3
15 14 13 12 11 10 9 8 7 5 3 1
15 14 13 12 11 10 9 8 7 5 3 2
15 14 13 12 11 10 9 8 7 5 1 2
15 14 13 12 11 10 9 8 7 4 3 1
15 14 13 12 11 10 9 8 7 4 3 2
15 14 13 12 11 10 9 8 7 4 1 2
15 14 13 12 11 10 9 8 7 1 2 3
15 14 13 12 11 10 9 8 6 5 4 1
15 14 13 12 11 10 9 8 6 5 4 2
15 14 13 12 11 10 9 8 6 5 4 3
15 14 13 12 11 10 9 8 6 5 3 1
15 14 13 12 11 10 9 8 6 5 3 2
15 14 13 12 11 10 9 8 6 5 1 2
15 14 13 12 11 10 9 8 6 4 3 1
15 14 13 12 11 10 9 8 6 4 3 2
15 14 13 12 11 10 9 8 6 4 1 2
15 14 13 12 11 10 9 8 6 1 2 3
15 14 13 12 11 10 9 8 5 4 3 1
15 14 13 12 11 10 9 8 5 4 3 2
15 14 13 12 11 10 9 8 5 4 1 2
15 14 13 12 11 10 9 8 5 1 2 3
15 14 13 12 11 10 9 8 1 2 3 4
15 14 13 12 11 10 9 7 6 5 4 1
15 14 13 12 11 10 9 7 6 5 4 2
15 14 13 12 11 10 9 7 6 5 4 3
15 14 13 12 11 10 9 7 6 5 3 1
15 14 13 12 11 10 9 7 6 5 3 2
15 14 13 12 11 10 9 7 6 5 1 2
15 14 13 12 11 10 9 7 6 4 3 1
15 14 13 12 11 10 9 7 6 4 3 2
15 14 13 12 11 10 9 7 6 4 1 2
15 14 13 12 11 10 9 7 6 1 2 3
15 14 13 12 11 10 9 7 5 4 3 1
15 14 13 12 11 10 9 7 5 4 3 2
15 14 13 12 11 10 9 7 5 4 1 2
15 14 13 12 11 10 9 7 5 1 2 3
15 14 13 12 11 10 9 7 1 2 3 4
15 14 13 12 11 10 9 6 5 4 3 1
15 14 13 12 11 10 9 6 5 4 3 2
15 14 13 12 11 10 9 6 5 4 1 2
15 14 13 12 11 10 9 6 5 1 2 3
15 14 13 12 11 10 9 6 1 2 3 4
15 14 13 12 11 10 9 1 2 3 4 5
15 14 13 12 11 10 8 7 6 5 4 1
15 14 13 12 11 10 8 7 6 5 4 2
15 14 13 12 11 10 8 7 6 5 4 3
15 14 13 12 11 10 8 7 6 5 3 1
15 14 13 12 11 10 8 7 6 5 3 2
15 14 13 12 11 10 8 7 6 5 1 2
15 14 13 12 11 10 8 7 6 4 3 1
15 14 13 12 11 10 8 7 6 4 3 2
15 14 13 12 11 10 8 7 6 4 1 2
15 14 13 12 11 10 8 7 6 1 2 3
15 14 13 12 11 10 8 7 5 4 3 1
15 14 13 12 11 10 8 7 5 4 3 2
15 14 13 12 11 10 8 7 5 4 1 2
15 14 13 12 11 10 8 7 5 1 2 3
15 14 13 12 11 10 8 7 1 2 3 4
15 14 13 12 11 10 8 6 5 4 3 1
15 14 13 12 11 10 8 6 5 4 3 2
15 14 13 12 11 10 8 6 5 4 1 2
15 14 13 12 11 10 8 6 5 1 2 3
15 14 13 12 11 10 8 6 1 2 3 4
15 14 13 12 11 10 8 1 2 3 4 5
15 14 13 12 11 10 7 6 5 4 3 1
15 14 13 12 11 10 7 6 5 4 3 2
15 14 13 12 11 10 7 6 5 4 1 2
15 14 13 12 11 10 7 6 5 1 2 3
15 14 13 12 11 10 7 6 1 2 3 4
15 14 13 12 11 10 7 1 2 3 4 5
15 14 13 12 11 10 1 2 3 4 5 6
15 14 13 12 11 9 8 7 6 5 4 1
15 14 13 12 11 9 8 7 6 5 4 2
15 14 13 12 11 9 8 7 6 5 4 3
15 14 13 12 11 9 8 7 6 5 3 1
15 14 13 12 11 9 8 7 6 5 3 2
15 14 13 12 11 9 8 7 6 5 1 2
15 14 13 12 11 9 8 7 6 4 3 1
15 14 13 12 11 9 8 7 6 4 3 2
15 14 13 12 11 9 8 7 6 4 1 2
15 14 13 12 11 9 8 7 6 1 2 3
15 14 13 12 11 9 8 7 5 4 3 1
15 14 13 12 11 9 8 7 5 4 3 2
15 14 13 12 11 9 8 7 5 4 1 2
15 14 13 12 11 9 8 7 5 1 2 3
15 14 13 12 11 9 8 7 1 2 3 4
15 14 13 12 11 9 8 6 5 4 3 1
15 14 13 12 11 9 8 6 5 4 3 2
15 14 13 12 11 9 8 6 5 4 1 2
15 14 13 12 11 9 8 6 5 1 2 3
15 14 13 12 11 9 8 6 1 2 3 4
15 14 13 12 11 9 8 1 2 3 4 5
15 14 13 12 11 9 7 6 5 4 3 1
15 14 13 12 11 9 7 6 5 4 3 2
15 14 13 12 11 9 7 6 5 4 1 2
15 14 13 12 11 9 7 6 5 1 2 3
15 14 13 12 11 9 7 6 1 2 3 4
15 14 13 12 11 9 7 1 2 3 4 5
15 14 13 12 11 9 1 2 3 4 5 6
15 14 13 12 11 8 7 6 5 4 3 1
15 14 13 12 11 8 7 6 5 4 3 2
15 14 13 12 11 8 7 6 5 4 1 2
15 14 13 12 11 8 7 6 5 1 2 3
15 14 13 12 11 8 7 6 1 2 3 4
15 14 13 12 11 8 7 1 2 3 4 5
15 14 13 12 11 8 1 2 3 4 5 6
15 14 13 12 11 1 2 3 4 5 6 7
15 14 13 12 10 9 8 7 6 5 4 1
15 14 13 12 10 9 8 7 6 5 4 2
15 14 13 12 10 9 8 7 6 5 4 3
15 14 13 12 10 9 8 7 6 5 3 1
15 14 13 12 10 9 8 7 6 5 3 2
15 14 13 12 10 9 8 7 6 5 1 2
15 14 13 12 10 9 8 7 6 4 3 1
15 14 13 12 10 9 8 7 6 4 3 2
15 14 13 12 10 9 8 7 6 4 1 2
15 14 13 12 10 9 8 7 6 1 2 3
15 14 13 12 10 9 8 7 5 4 3 1
15 14 13 12 10 9 8 7 5 4 3 2
15 14 13 12 10 9 8 7 5 4 1 2
15 14 13 12 10 9 8 7 5 1 2 3
15 14 13 12 10 9 8 7 1 2 3 4
15 14 13 12 10 9 8 6 5 4 3 1
15 14 13 12 10 9 8 6 5 4 3 2
15 14 13 12 10 9 8 6 5 4 1 2
15 14 13 12 10 9 8 6 5 1 2 3
15 14 13 12 10 9 8 6 1 2 3 4
15 14 13 12 10 9 8 1 2 3 4 5
15 14 13 12 10 9 7 6 5 4 3 1
15 14 13 12 10 9 7 6 5 4 3 2
15 14 13 12 10 9 7 6 5 4 1 2
15 14 13 12 10 9 7 6 5 1 2 3
15 14 13 12 10 9 7 6 1 2 3 4
15 14 13 12 10 9 7 1 2 3 4 5
15 14 13 12 10 9 1 2 3 4 5 6
15 14 13 12 10 8 7 6 5 4 3 1
15 14 13 12 10 8 7 6 5 4 3 2
15 14 13 12 10 8 7 6 5 4 1 2
15 14 13 12 10 8 7 6 5 1 2 3
15 14 13 12 10 8 7 6 1 2 3 4
15 14 13 12 10 8 7 1 2 3 4 5
15 14 13 12 10 8 1 2 3 4 5 6
15 14 13 12 10 1 2 3 4 5 6 7
15 14 13 12 9 8 7 6 5 4 3 1
15 14 13 12 9 8 7 6 5 4 3 2
15 14 13 12 9 8 7 6 5 4 1 2
15 14 13 12 9 8 7 6 5 1 2 3
15 14 13 12 9 8 7 6 1 2 3 4
15 14 13 12 9 8 7 1 2 3 4 5
15 14 13 12 9 8 1 2 3 4 5 6
15 14 13 12 9 1 2 3 4 5 6 7
15 14 13 12 1 2 3 4 5 6 7 8
15 14 13 11 10 9 8 7 6 5 4 1
15 14 13 11 10 9 8 7 6 5 4 2
15 14 13 11 10 9 8 7 6 5 4 3
15 14 13 11 10 9 8 7 6 5 3 1
15 14 13 11 10 9 8 7 6 5 3 2
15 14 13 11 10 9 8 7 6 5 1 2
15 14 13 11 10 9 8 7 6 4 3 1
15 14 13 11 10 9 8 7 6 4 3 2
15 14 13 11 10 9 8 7 6 4 1 2
15 14 13 11 10 9 8 7 6 1 2 3
15 14 13 11 10 9 8 7 5 4 3 1
15 14 13 11 10 9 8 7 5 4 3 2
15 14 13 11 10 9 8 7 5 4 1 2
15 14 13 11 10 9 8 7 5 1 2 3
15 14 13 11 10 9 8 7 1 2 3 4
15 14 13 11 10 9 8 6 5 4 3 1
15 14 13 11 10 9 8 6 5 4 3 2
15 14 13 11 10 9 8 6 5 4 1 2
15 14 13 11 10 9 8 6 5 1 2 3
15 14 13 11 10 9 8 6 1 2 3 4
15 14 13 11 10 9 8 1 2 3 4 5
15 14 13 11 10 9 7 6 5 4 3 1
15 14 13 11 10 9 7 6 5 4 3 2
15 14 13 11 10 9 7 6 5 4 1 2
15 14 13 11 10 9 7 6 5 1 2 3
15 14 13 11 10 9 7 6 1 2 3 4
15 14 13 11 10 9 7 1 2 3 4 5
15 14 13 11 10 9 1 2 3 4 5 6
15 14 13 11 10 8 7 6 5 4 3 1
15 14 13 11 10 8 7 6 5 4 3 2
15 14 13 11 10 8 7 6 5 4 1 2
15 14 13 11 10 8 7 6 5 1 2 3
15 14 13 11 10 8 7 6 1 2 3 4
15 14 13 11 10 8 7 1 2 3 4 5
15 14 13 11 10 8 1 2 3 4 5 6
15 14 13 11 10 1 2 3 4 5 6 7
15 14 13 11 9 8 7 6 5 4 3 1
15 14 13 11 9 8 7 6 5 4 3 2
15 14 13 11 9 8 7 6 5 4 1 2
15 14 13 11 9 8 7 6 5 1 2 3
15 14 13 11 9 8 7 6 1 2 3 4
15 14 13 11 9 8 7 1 2 3 4 5
15 14 13 11 9 8 1 2 3 4 5 6
15 14 13 11 9 1 2 3 4 5 6 7
15 14 13 11 1 2 3 4 5 6 7 8
15 14 13 10 9 8 7 6 5 4 3 1
15 14 13 10 9 8 7 6 5 4 3 2
15 14 13 10 9 8 7 6 5 4 1 2
15 14 13 10 9 8 7 6 5 1 2 3
15 14 13 10 9 8 7 6 1 2 3 4
15 14 13 10 9 8 7 1 2 3 4 5
15 14 13 10 9 8 1 2 3 4 5 6
15 14 13 10 9 1 2 3 4 5 6 7
15 14 13 10 1 2 3 4 5 6 7 8
15 14 13 1 2 3 4 5 6 7 8 9
15 14 12 11 10 9 8 7 6 5 4 1
15 14 12 11 10 9 8 7 6 5 4 2
15 14 12 11 10 9 8 7 6 5 4 3
15 14 12 11 10 9 8 7 6 5 3 1
15 14 12 11 10 9 8 7 6 5 3 2
15 14 12 11 10 9 8 7 6 5 1 2
15 14 12 11 10 9 8 7 6 4 3 1
15 14 12 11 10 9 8 7 6 4 3 2
15 14 12 11 10 9 8 7 6 4 1 2
15 14 12 11 10 9 8 7 6 1 2 3
15 14 12 11 10 9 8 7 5 4 3 1
15 14 12 11 10 9 8 7 5 4 3 2
15 14 12 11 10 9 8 7 5 4 1 2
15 14 12 11 10 9 8 7 5 1 2 3
15 14 12 11 10 9 8 7 1 2 3 4
15 14 12 11 10 9 8 6 5 4 3 1
15 14 12 11 10 9 8 6 5 4 3 2
15 14 12 11 10 9 8 6 5 4 1 2
15 14 12 11 10 9 8 6 5 1 2 3
15 14 12 11 10 9 8 6 1 2 3 4
15 14 12 11 10 9 8 1 2 3 4 5
15 14 12 11 10 9 7 6 5 4 3 1
15 14 12 11 10 9 7 6 5 4 3 2
15 14 12 11 10 9 7 6 5 4 1 2
15 14 12 11 10 9 7 6 5 1 2 3
15 14 12 11 10 9 7 6 1 2 3 4
15 14 12 11 10 9 7 1 2 3 4 5
15 14 12 11 10 9 1 2 3 4 5 6
15 14 12 11 10 8 7 6 5 4 3 1
15 14 12 11 10 8 7 6 5 4 3 2
15 14 12 11 10 8 7 6 5 4 1 2
15 14 12 11 10 8 7 6 5 1 2 3
15 14 12 11 10 8 7 6 1 2 3 4
15 14 12 11 10 8 7 1 2 3 4 5
15 14 12 11 10 8 1 2 3 4 5 6
15 14 12 11 10 1 2 3 4 5 6 7
15 14 12 11 9 8 7 6 5 4 3 1
15 14 12 11 9 8 7 6 5 4 3 2
15 14 12 11 9 8 7 6 5 4 1 2
15 14 12 11 9 8 7 6 5 1 2 3
15 14 12 11 9 8 7 6 1 2 3 4
15 14 12 11 9 8 7 1 2 3 4 5
15 14 12 11 9 8 1 2 3 4 5 6
15 14 12 11 9 1 2 3 4 5 6 7
15 14 12 11 1 2 3 4 5 6 7 8
15 14 12 10 9 8 7 6 5 4 3 1
15 14 12 10 9 8 7 6 5 4 3 2
15 14 12 10 9 8 7 6 5 4 1 2
15 14 12 10 9 8 7 6 5 1 2 3
15 14 12 10 9 8 7 6 1 2 3 4
15 14 12 10 9 8 7 1 2 3 4 5
15 14 12 10 9 8 1 2 3 4 5 6
15 14 12 10 9 1 2 3 4 5 6 7
15 14 12 10 1 2 3 4 5 6 7 8
15 14 12 1 2 3 4 5 6 7 8 9
15 14 11 10 9 8 7 6 5 4 3 1
15 14 11 10 9 8 7 6 5 4 3 2
15 14 11 10 9 8 7 6 5 4 1 2
15 14 11 10 9 8 7 6 5 1 2 3
15 14 11 10 9 8 7 6 1 2 3 4
15 14 11 10 9 8 7 1 2 3 4 5
15 14 11 10 9 8 1 2 3 4 5 6
15 14 11 10 9 1 2 3 4 5 6 7
15 14 11 10 1 2 3 4 5 6 7 8
15 14 11 1 2 3 4 5 6 7 8 9
15 14 1 2 3 4 5 6 7 8 9 10
15 13 12 11 10 9 8 7 6 5 4 1
15 13 12 11 10 9 8 7 6 5 4 2
15 13 12 11 10 9 8 7 6 5 4 3
15 13 12 11 10 9 8 7 6 5 3 1
15 13 12 11 10 9 8 7 6 5 3 2
15 13 12 11 10 9 8 7 6 5 1 2
15 13 12 11 10 9 8 7 6 4 3 1
15 13 12 11 10 9 8 7 6 4 3 2
15 13 12 11 10 9 8 7 6 4 1 2
15 13 12 11 10 9 8 7 6 1 2 3
15 13 12 11 10 9 8 7 5 4 3 1
15 13 12 11 10 9 8 7 5 4 3 2
15 13 12 11 10 9 8 7 5 4 1 2
15 13 12 11 10 9 8 7 5 1 2 3
15 13 12 11 10 9 8 7 1 2 3 4
15 13 12 11 10 9 8 6 5 4 3 1
15 13 12 11 10 9 8 6 5 4 3 2
15 13 12 11 10 9 8 6 5 4 1 2
15 13 12 11 10 9 8 6 5 1 2 3
15 13 12 11 10 9 8 6 1 2 3 4
15 13 12 11 10 9 8 1 2 3 4 5
15 13 12 11 10 9 7 6 5 4 3 1
15 13 12 11 10 9 7 6 5 4 3 2
15 13 12 11 10 9 7 6 5 4 1 2
15 13 12 11 10 9 7 6 5 1 2 3
15 13 12 11 10 9 7 6 1 2 3 4
15 13 12 11 10 9 7 1 2 3 4 5
15 13 12 11 10 9 1 2 3 4 5 6
15 13 12 11 10 8 7 6 5 4 3 1
15 13 12 11 10 8 7 6 5 4 3 2
15 13 12 11 10 8 7 6 5 4 1 2
15 13 12 11 10 8 7 6 5 1 2 3
15 13 12 11 10 8 7 6 1 2 3 4
15 13 12 11 10 8 7 1 2 3 4 5
15 13 12 11 10 8 1 2 3 4 5 6
15 13 12 11 10 1 2 3 4 5 6 7
15 13 12 11 9 8 7 6 5 4 3 1
15 13 12 11 9 8 7 6 5 4 3 2
15 13 12 11 9 8 7 6 5 4 1 2
15 13 12 11 9 8 7 6 5 1 2 3
15 13 12 11 9 8 7 6 1 2 3 4
15 13 12 11 9 8 7 1 2 3 4 5
15 13 12 11 9 8 1 2 3 4 5 6
15 13 12 11 9 1 2 3 4 5 6 7
15 13 12 11 1 2 3 4 5 6 7 8
15 13 12 10 9 8 7 6 5 4 3 1
15 13 12 10 9 8 7 6 5 4 3 2
15 13 12 10 9 8 7 6 5 4 1 2
15 13 12 10 9 8 7 6 5 1 2 3
15 13 12 10 9 8 7 6 1 2 3 4
15 13 12 10 9 8 7 1 2 3 4 5
15 13 12 10 9 8 1 2 3 4 5 6
15 13 12 10 9 1 2 3 4 5 6 7
15 13 12 10 1 2 3 4 5 6 7 8
15 13 12 1 2 3 4 5 6 7 8 9
15 13 11 10 9 8 7 6 5 4 3 1
15 13 11 10 9 8 7 6 5 4 3 2
15 13 11 10 9 8 7 6 5 4 1 2
15 13 11 10 9 8 7 6 5 1 2 3
15 13 11 10 9 8 7 6 1 2 3 4
15 13 11 10 9 8 7 1 2 3 4 5
15 13 11 10 9 8 1 2 3 4 5 6
15 13 11 10 9 1 2 3 4 5 6 7
15 13 11 10 1 2 3 4 5 6 7 8
15 13 11 1 2 3 4 5 6 7 8 9
15 13 1 2 3 4 5 6 7 8 9 10
15 12 11 10 9 8 7 6 5 4 3 1
15 12 11 10 9 8 7 6 5 4 3 2
15 12 11 10 9 8 7 6 5 4 1 2
15 12 11 10 9 8 7 6 5 1 2 3
15 12 11 10 9 8 7 6 1 2 3 4
15 12 11 10 9 8 7 1 2 3 4 5
15 12 11 10 9 8 1 2 3 4 5 6
15 12 11 10 9 1 2 3 4 5 6 7
15 12 11 10 1 2 3 4 5 6 7 8
15 12 11 1 2 3 4 5 6 7 8 9
15 12 1 2 3 4 5 6 7 8 9 10
15 1 2 3 4 5 6 7 8 9 10 11
14 13 12 11 10 9 8 7 6 5 4 1
14 13 12 11 10 9 8 7 6 5 4 2
14 13 12 11 10 9 8 7 6 5 4 3
14 13 12 11 10 9 8 7 6 5 3 1
14 13 12 11 10 9 8 7 6 5 3 2
14 13 12 11 10 9 8 7 6 5 1 2
14 13 12 11 10 9 8 7 6 4 3 1
14 13 12 11 10 9 8 7 6 4 3 2
14 13 12 11 10 9 8 7 6 4 1 2
14 13 12 11 10 9 8 7 6 1 2 3
14 13 12 11 10 9 8 7 5 4 3 1
14 13 12 11 10 9 8 7 5 4 3 2
14 13 12 11 10 9 8 7 5 4 1 2
14 13 12 11 10 9 8 7 5 1 2 3
14 13 12 11 10 9 8 7 1 2 3 4
14 13 12 11 10 9 8 6 5 4 3 1
14 13 12 11 10 9 8 6 5 4 3 2
14 13 12 11 10 9 8 6 5 4 1 2
14 13 12 11 10 9 8 6 5 1 2 3
14 13 12 11 10 9 8 6 1 2 3 4
14 13 12 11 10 9 8 1 2 3 4 5
14 13 12 11 10 9 7 6 5 4 3 1
14 13 12 11 10 9 7 6 5 4 3 2
14 13 12 11 10 9 7 6 5 4 1 2
14 13 12 11 10 9 7 6 5 1 2 3
14 13 12 11 10 9 7 6 1 2 3 4
14 13 12 11 10 9 7 1 2 3 4 5
14 13 12 11 10 9 1 2 3 4 5 6
14 13 12 11 10 8 7 6 5 4 3 1
14 13 12 11 10 8 7 6 5 4 3 2
14 13 12 11 10 8 7 6 5 4 1 2
14 13 12 11 10 8 7 6 5 1 2 3
14 13 12 11 10 8 7 6 1 2 3 4
14 13 12 11 10 8 7 1 2 3 4 5
14 13 12 11 10 8 1 2 3 4 5 6
14 13 12 11 10 1 2 3 4 5 6 7
14 13 12 11 9 8 7 6 5 4 3 1
14 13 12 11 9 8 7 6 5 4 3 2
14 13 12 11 9 8 7 6 5 4 1 2
14 13 12 11 9 8 7 6 5 1 2 3
14 13 12 11 9 8 7 6 1 2 3 4
14 13 12 11 9 8 7 1 2 3 4 5
14 13 12 11 9 8 1 2 3 4 5 6
14 13 12 11 9 1 2 3 4 5 6 7
14 13 12 11 1 2 3 4 5 6 7 8
14 13 12 10 9 8 7 6 5 4 3 1
14 13 12 10 9 8 7 6 5 4 3 2
14 13 12 10 9 8 7 6 5 4 1 2
14 13 12 10 9 8 7 6 5 1 2 3
14 13 12 10 9 8 7 6 1 2 3 4
14 13 12 10 9 8 7 1 2 3 4 5
14 13 12 10 9 8 1 2 3 4 5 6
14 13 12 10 9 1 2 3 4 5 6 7
14 13 12 10 1 2 3 4 5 6 7 8
14 13 12 1 2 3 4 5 6 7 8 9
14 13 11 10 9 8 7 6 5 4 3 1
14 13 11 10 9 8 7 6 5 4 3 2
14 13 11 10 9 8 7 6 5 4 1 2
14 13 11 10 9 8 7 6 5 1 2 3
14 13 11 10 9 8 7 6 1 2 3 4
14 13 11 10 9 8 7 1 2 3 4 5
14 13 11 10 9 8 1 2 3 4 5 6
14 13 11 10 9 1 2 3 4 5 6 7
14 13 11 10 1 2 3 4 5 6 7 8
14 13 11 1 2 3 4 5 6 7 8 9
14 13 1 2 3 4 5 6 7 8 9 10
14 12 11 10 9 8 7 6 5 4 3 1
14 12 11 10 9 8 7 6 5 4 3 2
14 12 11 10 9 8 7 6 5 4 1 2
14 12 11 10 9 8 7 6 5 1 2 3
14 12 11 10 9 8 7 6 1 2 3 4
14 12 11 10 9 8 7 1 2 3 4 5
14 12 11 10 9 8 1 2 3 4 5 6
14 12 11 10 9 1 2 3 4 5 6 7
14 12 11 10 1 2 3 4 5 6 7 8
14 12 11 1 2 3 4 5 6 7 8 9
14 12 1 2 3 4 5 6 7 8 9 10
14 1 2 3 4 5 6 7 8 9 10 11
13 12 11 10 9 8 7 6 5 4 3 1
13 12 11 10 9 8 7 6 5 4 3 2
13 12 11 10 9 8 7 6 5 4 1 2
13 12 11 10 9 8 7 6 5 1 2 3
13 12 11 10 9 8 7 6 1 2 3 4
13 12 11 10 9 8 7 1 2 3 4 5
13 12 11 10 9 8 1 2 3 4 5 6
13 12 11 10 9 1 2 3 4 5 6 7
13 12 11 10 1 2 3 4 5 6 7 8
13 12 11 1 2 3 4 5 6 7 8 9
13 12 1 2 3 4 5 6 7 8 9 10
13 1 2 3 4 5 6 7 8 9 10 11
1 2 3 4 5 6 7 8 9 10 11 12
Total: 1820 combinations
