16 15 14 13 12 11 10 9 8 7 6 5 4 3 1
16 15 14 13 12 11 10 9 8 7 6 5 4 3 2
16 15 14 13 12 11 10 9 8 7 6 5 4 1 2
16 15 14 13 12 11 10 9 8 7 6 5 1 2 3
16 15 14 13 12 11 10 9 8 7 6 1 2 3 4
16 15 14 13 12 11 10 9 8 7 1 2 3 4 5
16 15 14 13 12 11 10 9 8 1 2 3 4 5 6
16 15 14 13 12 11 10 9 1 2 3 4 5 6 7
16 15 14 13 12 11 10 1 2 3 4 5 6 7 8
16 15 14 13 12 11 1 2 3 4 5 6 7 8 9
16 15 14 13 12 1 2 3 4 5 6 7 8 9 10
16 15 14 13 1 2 3 4 5 6 7 8 9 10 11
16 15 14 1 2 3 4 5 6 7 8 9 10 11 12
16 15 1 2 3 4 5 6 7 8 9 10 11 12 13
16 1 2 3 4 5 6 7 8 9 10 11 12 13 14
1 2 3 4 5 6 7 8 9 10 11 12 13 14 15
Total: 16 combinations
