5 6 9 5 9 8 1 7
5 5 5 5 8 8 8 8
7 3 5 8 8 7 7 7

1 1 1 1 1 1 1
2 2 1 2 2 2 2
1 1 1 1 1 3 3
3 3 3 3 3 1 3

5 15 5 5 5
2 22 2 2 2
8 21 2 8 8

3 3 3 3 3

1 1
1 0
1 0
1 2

1 5 5 5 5 14 14 80 3 80 14 84 14 14 80 8 14 5 5 5 5 7
5 7 1 5 5 5 5 14 14 80 3 80 14 84 14 14 80 8 14 5 5 5
1 5 5 5 5 5 7 5 5 14 14 80 3 80 14 84 14 14 80 8 14 5
1 5 5 7 5 5 5 5 14 14 80 3 80 14 84 14 14 80 8 14 5 5
14 5 5 5 5 7 1 5 5 5 5 14 14 80 3 80 14 84 14 14 80 8
10 8 14 5 5 5 5 7 1 5 5 5 5 14 14 80 3 80 14 84 14 14

